Date,Open,High,Low,Close,Volume,Stock,MA_7_Close,MA_30_Close,Lag_1_Close
2020-02-11,332.04701270867344,346.82352420349895,327.0790407112313,341.38848876953125,4904298.0,NAM-INDIA.NS,314.7835257393973,299.5671366373698,329.5418395996094
2020-02-12,344.4457359119685,349.5410869582511,336.80270934254446,340.0297546386719,2470863.0,NAM-INDIA.NS,321.64404732840404,300.9422170003255,341.38848876953125
2020-02-13,341.0489250979682,342.0255291226308,333.19359016467376,336.8877258300781,1323878.0,NAM-INDIA.NS,326.15708705357144,302.2420420328776,340.0297546386719
2020-02-14,338.2888567961374,343.9361990792411,332.6415145130337,334.3824157714844,1172386.0,NAM-INDIA.NS,330.2576206752232,303.4401082356771,336.8877258300781
2020-02-17,334.3399746810826,334.3399746810826,321.0071285519562,321.8563537597656,1133555.0,NAM-INDIA.NS,332.2775617327009,304.6515757242839,334.3824157714844
2020-02-18,319.90313676168824,335.27409183898493,316.1665252239296,332.85382080078125,2005888.0,NAM-INDIA.NS,333.84862845284596,306.1552286783854,321.8563537597656
2020-02-19,335.6563065362498,369.2007065569503,335.6138556369208,364.5724182128906,6982668.0,NAM-INDIA.NS,338.8529968261719,309.00392761230466,332.85382080078125
2020-02-20,368.3938797606631,384.6140861920301,365.1668343814847,375.060302734375,4149436.0,NAM-INDIA.NS,343.6632559640067,311.882177734375,364.5724182128906
2020-02-24,368.9459213010312,374.3384809211615,358.88259687603147,361.8124084472656,2107594.0,NAM-INDIA.NS,346.77506365094865,314.3258494059245,375.060302734375
2020-02-25,364.1477909559064,372.2154311437866,353.15033909168056,357.906005859375,1848965.0,NAM-INDIA.NS,349.77767508370533,316.6154459635417,361.8124084472656
2020-02-26,355.2309083416169,377.43816915167577,354.424159911542,361.60009765625,6962607.0,NAM-INDIA.NS,353.6659153529576,318.7755116780599,357.906005859375
2020-02-27,362.6191253477784,365.7612686505648,351.57919881494206,354.8062438964844,2504485.0,NAM-INDIA.NS,358.37304251534596,320.7428039550781,361.60009765625
2020-02-28,342.2378143818522,346.4839411111556,328.6502088480814,331.6224975585937,2753583.0,NAM-INDIA.NS,358.19713919503346,322.0131062825521,354.8062438964844
2020-03-02,346.4838727860509,349.88077349963964,328.65014403971,334.2550354003906,2224381.0,NAM-INDIA.NS,353.86608450753346,323.44134419759115,331.6224975585937
2020-03-03,340.5392861937884,351.53676228651483,335.44393527817067,343.9786376953125,2388199.0,NAM-INDIA.NS,349.4258466448103,325.3635498046875,334.2550354003906
2020-03-04,345.6346550619051,346.8235651540431,331.19782671779603,334.5522766113281,2129246.0,NAM-INDIA.NS,345.5315420968192,327.00242411295574,343.9786376953125
2020-03-05,337.35467218378005,338.3737526739489,325.25321446541915,327.1639709472656,1835137.0,NAM-INDIA.NS,341.1398228236607,328.18446756998696,334.5522766113281
2020-03-06,296.76174444663246,301.3050783489621,276.0406296756658,292.3882141113281,6172570.0,NAM-INDIA.NS,331.2524108886719,328.1932820638021,327.1639709472656
2020-03-09,269.204377994682,279.3950800007898,247.3368299399089,252.007568359375,3817113.0,NAM-INDIA.NS,316.566885811942,326.4981323242188,292.3882141113281
2020-03-11,251.71029696482267,264.10898774646824,247.9737119677451,253.026611328125,3134725.0,NAM-INDIA.NS,305.33890206473217,324.6432393391927,252.007568359375
2020-03-12,230.30988276468943,244.32209845263128,219.10009984781755,236.50921630859372,3250079.0,NAM-INDIA.NS,291.3752136230468,322.3626973470052,253.026611328125
2020-03-13,216.21278345128567,264.9583142954592,189.20741421031065,257.7398986816406,4042391.0,NAM-INDIA.NS,279.0553937639509,320.65508728027345,236.50921630859372
2020-03-16,242.02917267683216,250.39404575786943,234.386146171248,236.21197509765625,1891499.0,NAM-INDIA.NS,265.0067792619978,318.3660390218099,257.7398986816406
2020-03-17,241.2224335991622,247.7190278098902,227.08283768392317,232.09326171875,1888143.0,NAM-INDIA.NS,251.42524937220983,315.8933797200521,236.21197509765625
2020-03-18,236.93383377997247,241.179959833377,196.2134875194528,199.18577575683597,2831684.0,NAM-INDIA.NS,238.1106153215681,312.7993687947591,232.09326171875
2020-03-19,189.37719726072245,214.599180133862,180.96987395572484,199.39805603027344,3058221.0,NAM-INDIA.NS,230.594970703125,309.26942240397136,199.18577575683597
2020-03-20,201.7334468624381,219.3124057374712,197.8694696489092,217.69888305664065,2786630.0,NAM-INDIA.NS,225.54815237862724,306.336762491862,199.39805603027344
2020-03-23,196.17101601118128,204.15372749677545,195.95870971679688,195.95870971679688,631422.0,NAM-INDIA.NS,219.75522286551342,302.6114939371745,217.69888305664065
2020-03-24,203.81404697605444,203.81404697605444,176.38407056223082,182.4984893798828,1738582.0,NAM-INDIA.NS,209.00645010811942,297.96623179117836,195.95870971679688
2020-03-25,180.03575483889855,200.7143950708713,176.63885380420234,198.29409790039065,1152514.0,NAM-INDIA.NS,203.58961050851005,293.59130706787107,182.4984893798828
2020-03-26,204.11128796671133,218.1235041761016,198.71870260589867,216.72227478027344,1615234.0,NAM-INDIA.NS,201.39375523158483,289.4357666015625,198.29409790039065
2020-03-27,229.2908138945506,235.53262456716175,200.2048495394085,205.9795837402344,2042760.0,NAM-INDIA.NS,202.36429922921317,284.96742757161456,216.72227478027344
2020-03-30,195.3217745451948,217.401627319869,191.2454914413179,194.47254943847656,2171659.0,NAM-INDIA.NS,201.66065543038505,280.22025502522786,205.9795837402344
2020-03-31,203.89896616502864,213.9198126897429,197.2750073232625,211.6269073486328,2002082.0,NAM-INDIA.NS,200.79323032924108,276.12840474446614,194.47254943847656
2020-04-01,212.13648148231152,223.9407208688125,206.3617468792459,219.73704528808597,2361959.0,NAM-INDIA.NS,204.1901354108538,272.7244277954102,211.6269073486328
2020-04-03,219.5247109787974,221.81762935167075,209.88599991697205,213.36782836914065,1421270.0,NAM-INDIA.NS,208.60004098074776,268.7415613810221,219.73704528808597
2020-04-07,221.64777964593017,233.9615451818152,215.91550948267337,227.9745178222656,2228392.0,NAM-INDIA.NS,212.84010096958704,264.188298034668,213.36782836914065
2020-04-08,223.3462178878057,245.8506847092006,222.7517499071376,231.88092041015625,2196512.0,NAM-INDIA.NS,215.00562177385603,259.41565195719403,227.9745178222656
2020-04-09,237.5707777069836,251.96515691044127,237.06123734365516,243.7276611328125,2731422.0,NAM-INDIA.NS,220.39820425851005,255.4794937133789,231.88092041015625
2020-04-13,246.27528113104748,248.6531010651057,229.5455361497658,238.9294891357422,1645572.0,NAM-INDIA.NS,226.7491956438337,251.51360982259115,243.7276611328125
2020-04-15,242.02922179635647,256.4236016697127,237.9529505326223,239.9061584472656,2890627.0,NAM-INDIA.NS,230.7890886579241,247.45714518229167,238.9294891357422
2020-04-16,237.7830506825461,246.27530249263705,235.6175368374913,242.9208526611328,1272876.0,NAM-INDIA.NS,234.10106113978796,243.72763214111328,239.9061584472656
2020-04-17,251.37065752534352,253.70602680978504,244.8740899718836,250.18174743652344,1534856.0,NAM-INDIA.NS,239.36019243512834,241.0129404703776,242.9208526611328
2020-04-20,253.87591401344287,253.91836491195855,240.0335260621083,241.6470489501953,1408016.0,NAM-INDIA.NS,241.31341116768974,237.92600758870444,250.18174743652344
2020-04-21,235.91474804909848,235.91474804909848,222.9216129737201,225.6815948486328,1283636.0,NAM-INDIA.NS,240.42779323032923,233.98277282714844,241.6470489501953
2020-04-22,223.43114587935165,225.044668508037,213.2404439091764,220.24655151367188,2087097.0,NAM-INDIA.NS,237.07334899902344,230.1725819905599,225.6815948486328
2020-04-23,221.64777778382827,230.69202100439185,220.1616336799137,223.6859130859375,1080708.0,NAM-INDIA.NS,234.89569527762276,226.7233133951823,220.24655151367188
2020-04-24,215.7031776217583,215.7031776217583,181.3095607175016,183.77230834960935,13651391.0,NAM-INDIA.NS,226.87657383510046,223.102783203125,223.6859130859375
2020-04-27,184.2818480801269,208.69706988797785,177.91265978242666,204.493408203125,12446230.0,NAM-INDIA.NS,221.3869389125279,221.51897786458332,183.77230834960935
2020-04-28,206.9561877455788,207.97525543874443,195.32180458579384,199.5254669189453,2831680.0,NAM-INDIA.NS,214.15032741001673,219.73560638427733,204.493408203125
2020-04-29,201.18144142697136,205.4275673579598,197.95439608593855,201.77590942382807,1488053.0,NAM-INDIA.NS,208.45445033482142,218.57782948811848,199.5254669189453
2020-04-30,206.3617460952341,214.2595439077928,204.28114672006024,209.5463409423828,3016637.0,NAM-INDIA.NS,206.1494140625,216.97137756347655,201.77590942382807
2020-05-04,198.7186970894556,205.47003484766,196.17102148574455,200.5020751953125,1504316.0,NAM-INDIA.NS,203.32877458844865,215.78104756673176,209.5463409423828
2020-05-05,203.81406769026424,205.51251825434977,196.5531889371687,197.14764404296875,702933.0,NAM-INDIA.NS,199.537593296596,214.61619364420574,200.5020751953125
2020-05-06,197.86947816195936,199.22824371027943,191.92490156481892,196.46826171875,800769.0,NAM-INDIA.NS,201.35130092075892,214.5256098429362,197.14764404296875
2020-05-07,196.00118874898183,202.96483315254395,195.49164841973263,198.8036346435547,825175.0,NAM-INDIA.NS,200.5384761265346,214.50579579671225,196.46826171875
2020-05-08,201.2663925959055,212.2213935919165,200.37470345480008,204.4085235595703,3069177.0,NAM-INDIA.NS,201.2360556466239,214.06278381347656,198.8036346435547
2020-05-11,204.6632712476636,209.3764736543328,202.11559567196656,202.58267211914065,923178.0,NAM-INDIA.NS,201.35130746023995,214.28358256022136,204.4085235595703
2020-05-12,202.03067826241625,204.40851151250703,195.74641670545716,203.0497589111328,879569.0,NAM-INDIA.NS,200.42322431291853,214.9686248779297,202.58267211914065
2020-05-13,214.004763737778,216.29766932905292,205.89465998068877,207.6355743408203,1531018.0,NAM-INDIA.NS,201.44229561941964,215.280007425944,203.0497589111328
2020-05-14,204.875586097512,208.7820273265685,202.79498688214105,207.2958831787109,837127.0,NAM-INDIA.NS,202.8920440673828,214.9657943725586,207.6355743408203
2020-05-15,208.06017524772852,208.9094004528213,204.66327442735744,207.1260223388672,681363.0,NAM-INDIA.NS,204.41458129882812,215.004008992513,207.2958831787109
2020-05-18,197.10518654748455,201.8608401928436,191.11814591786344,194.64242553710935,2104332.0,NAM-INDIA.NS,203.82012285505022,215.00967152913412,207.1260223388672
2020-05-19,198.50636703008584,199.48297071136025,194.642390235304,195.87376403808597,776534.0,NAM-INDIA.NS,202.60087149483817,214.48456675211588,194.64242553710935
2020-05-20,196.1710012236786,201.1814242102021,195.32177611015615,200.3321990966797,628322.0,NAM-INDIA.NS,202.27937534877233,213.83773854573568,195.87376403808597
2020-05-21,201.2663838296372,208.5697261476431,200.84177120552403,203.2196044921875,1139031.0,NAM-INDIA.NS,202.3036390032087,213.4994644165039,200.3321990966797
2020-05-22,200.41713909549367,206.23433666351607,200.41713909549367,203.0072784423828,486910.0,NAM-INDIA.NS,201.64245387486048,212.66722310384114,203.2196044921875
2020-05-26,203.3045102537493,204.96050978109577,198.50639299666156,199.18577575683597,556990.0,NAM-INDIA.NS,200.48386710030692,211.57738494873047,203.0072784423828
2020-05-27,201.0965222171542,203.5592700191739,198.1242341314729,202.3278961181641,528816.0,NAM-INDIA.NS,199.79842049734933,210.19739278157553,199.18577575683597
2020-05-28,203.8140505583516,211.03246484895988,202.62514044668723,207.16848754882807,1409262.0,NAM-INDIA.NS,201.58785792759485,209.1386927286784,202.3278961181641
2020-05-29,205.5125044043909,220.7985584509985,203.89898166050844,216.72227478027344,3200921.0,NAM-INDIA.NS,204.56621660505022,208.36589660644532,207.16848754882807
2020-06-01,219.82197463675053,233.0274177181805,219.43981288427725,229.33328247070312,2125313.0,NAM-INDIA.NS,208.709228515625,207.91297760009766,216.72227478027344
2020-06-02,228.95112418685216,240.24580923111893,226.106214520425,235.4901428222656,1639394.0,NAM-INDIA.NS,213.31930541992188,207.42325744628906,229.33328247070312
2020-06-03,237.10370463461595,239.3541464062648,224.28039793470776,227.42251586914065,1117861.0,NAM-INDIA.NS,216.80719648088728,206.94910634358723,235.4901428222656
2020-06-04,225.9788117292617,230.4372436509698,219.9917590274773,224.78990173339844,878074.0,NAM-INDIA.NS,220.46492876325334,206.91938323974608,227.42251586914065
2020-06-05,226.23360785406192,236.9338514917896,224.2379232765165,234.72586059570312,1073014.0,NAM-INDIA.NS,225.09320940290178,207.4020268758138,224.78990173339844
2020-06-08,236.8489091696291,253.91834131055452,235.32031413695395,251.9651336669922,2601354.0,NAM-INDIA.NS,231.49273027692522,208.34466756184895,234.72586059570312
2020-06-09,254.2155470369497,254.51278101475933,237.7830356406662,241.39224243164065,1037604.0,NAM-INDIA.NS,235.01701136997767,210.26533203125,251.9651336669922
2020-06-10,242.02918746279315,245.29870973984816,234.38616049028388,236.0421600341797,682031.0,NAM-INDIA.NS,235.97542245047433,211.31695709228515,241.39224243164065
2020-06-11,238.20766381850945,240.03349277860067,228.0169616230652,230.52218627929688,698055.0,NAM-INDIA.NS,235.26571437290735,212.35018107096354,236.0421600341797
2020-06-12,219.1001123697293,235.53262598071848,217.7413467996807,234.30123901367188,1220312.0,NAM-INDIA.NS,236.2483891078404,213.43435872395833,230.52218627929688
2020-06-15,236.4242958325225,239.1842777948116,230.14003439395435,233.1972503662109,1202106.0,NAM-INDIA.NS,237.4494389125279,214.22272237141928,234.30123901367188
2020-06-16,236.93382977182148,245.4260817349692,226.48837022366828,233.62185668945312,2539609.0,NAM-INDIA.NS,237.2917240687779,215.32671508789062,233.1972503662109
2020-06-17,230.86186512349232,241.1799456429143,230.2673971444741,234.55599975585935,973856.0,NAM-INDIA.NS,234.80470493861608,216.57366027832032,233.62185668945312
2020-06-18,234.5134983110042,239.48147016252796,233.83412862032253,237.78302001953125,605615.0,NAM-INDIA.NS,234.28910173688615,217.95081888834636,234.55599975585935
2020-06-19,239.3541483660411,245.25624846330945,238.0803104566064,239.099365234375,978477.0,NAM-INDIA.NS,234.72584533691406,219.29400990804035,237.78302001953125
2020-06-22,241.0950461770584,246.1903977380373,234.42862270151804,240.9252166748047,1213978.0,NAM-INDIA.NS,236.21199253627233,220.5112330118815,239.099365234375
2020-06-23,243.47282058725935,273.45045305573524,241.4771366317001,262.58038330078125,5603062.0,NAM-INDIA.NS,240.25187029157365,222.5111567179362,240.9252166748047
2020-06-24,265.1281091326069,271.7520551093798,261.3914976418165,265.08563232421875,2874122.0,NAM-INDIA.NS,244.80735342843192,224.57901916503906,262.58038330078125
2020-06-25,262.24075935014366,267.25120929732907,256.72079496167765,263.8967590332031,1606974.0,NAM-INDIA.NS,249.13233947753906,226.4543919881185,265.08563232421875
2020-06-26,265.2554984841238,272.94097623789594,263.4296694730599,265.6376342773437,1455985.0,NAM-INDIA.NS,253.57257298060821,228.39911702473958,263.8967590332031
2020-06-29,265.7231031416088,267.26156071825795,256.4924620139841,264.9111633300781,1652971.0,NAM-INDIA.NS,257.4480220249721,230.32528839111328,265.6376342773437
2020-06-30,266.6205631261189,272.0050998381554,261.53514705569694,268.6718139648437,1147455.0,NAM-INDIA.NS,261.67265755789623,232.79293467203777,264.9111633300781
2020-07-01,270.08199881915107,273.8426290291339,267.34698080294635,268.32989501953125,982733.0,NAM-INDIA.NS,265.58761160714283,235.20813903808593,268.6718139648437
2020-07-02,270.765799643922,279.2272520752894,269.6119889333451,271.1076965332031,1763255.0,NAM-INDIA.NS,266.80579921177457,237.56732228597005,268.32989501953125
2020-07-03,272.6460887608365,273.41530448430075,266.7059832903439,268.2016906738281,872866.0,NAM-INDIA.NS,267.2509504045759,239.73339182535807,271.1076965332031
2020-07-06,270.5093584960564,271.4922466831413,264.4838050196551,267.4752197265625,959275.0,NAM-INDIA.NS,267.7621590750558,241.8823232014974,268.2016906738281
2020-07-07,267.5179541272727,273.3298353492069,265.8940484402381,268.24444580078125,844126.0,NAM-INDIA.NS,268.13456072126115,244.1842788696289,267.4752197265625
2020-07-08,269.2273607791564,270.29572332193084,250.6378525348813,259.1420288085937,1156899.0,NAM-INDIA.NS,267.3103986467634,246.07808329264324,268.24444580078125
2020-07-09,260.6377182073263,261.0650631946588,248.714782627522,251.7916717529297,1325626.0,NAM-INDIA.NS,264.8989497593471,247.56552276611328,259.1420288085937
2020-07-10,248.8856962644058,251.2360933661769,246.23615249670547,248.07373046875,884738.0,NAM-INDIA.NS,262.00521196637834,248.6105712890625,251.7916717529297
2020-07-13,254.69763420865695,255.03950501111493,242.9029219839003,244.9114227294922,806524.0,NAM-INDIA.NS,258.2628871372768,249.12984263102214,248.07373046875
2020-07-14,243.501168770832,253.41557770192216,240.16788308344056,246.44985961914065,1149585.0,NAM-INDIA.NS,255.15548270089286,249.4951665242513,244.9114227294922
2020-07-15,251.27883012736515,251.27883012736515,242.7746552051345,243.843017578125,545914.0,NAM-INDIA.NS,251.77945382254464,250.04251658121746,246.44985961914065
2020-07-16,244.61228378728492,249.4840010449147,240.80890292629536,247.60369873046875,714437.0,NAM-INDIA.NS,248.83077566964286,250.8029764811198,243.843017578125
2020-07-17,248.67205611124672,253.5865234171364,247.04812430893324,249.82586669921875,736891.0,NAM-INDIA.NS,247.49989536830358,251.30631001790366,247.60369873046875
2020-07-20,247.9456034089123,251.7917088617401,244.65504130487855,245.7234039306641,669971.0,NAM-INDIA.NS,246.63299996512276,251.09825236002604,249.82586669921875
2020-07-21,247.73189814019756,251.8771497969678,246.23619066179052,249.3130798339844,811658.0,NAM-INDIA.NS,246.81004987444197,251.3622802734375,245.7234039306641
2020-07-22,249.99680789460857,250.509627076134,241.8772534501683,243.45843505859372,744014.0,NAM-INDIA.NS,246.60248020717077,251.60948944091797,249.3130798339844
2020-07-23,243.58666020407844,245.16784198692943,241.96275435266523,242.86016845703125,495607.0,NAM-INDIA.NS,246.08966718401228,252.0207555135091,243.45843505859372
2020-07-24,240.9370812063796,243.07380598842104,235.5097950433811,239.1422271728516,786126.0,NAM-INDIA.NS,245.41812569754464,252.18212178548177,242.86016845703125
2020-07-27,239.3986982907445,240.46706089817997,230.08258157052188,230.97999572753903,719523.0,NAM-INDIA.NS,243.0433109828404,252.10821329752605,239.1422271728516
2020-07-28,235.46708556474533,243.50116602620287,235.25341307330729,236.8345947265625,1047059.0,NAM-INDIA.NS,241.18741498674666,252.21530456542968,230.97999572753903
2020-07-29,237.603814735624,241.6208680798493,236.7491247545606,237.47561645507807,778925.0,NAM-INDIA.NS,240.0091596330915,252.3126251220703,236.8345947265625
2020-07-30,238.80038466520907,238.80038466520907,228.28770792754764,229.5269927978516,812904.0,NAM-INDIA.NS,237.18257577078683,252.03742421468098,237.47561645507807
2020-07-31,230.7662879318794,230.7662879318794,223.92876828945333,227.2193298339844,753518.0,NAM-INDIA.NS,234.86270359584265,251.64142303466798,229.5269927978516
2020-08-03,225.63815067648648,232.6466188201196,223.11680484744252,225.29627990722656,1272884.0,NAM-INDIA.NS,232.35357666015625,251.1204584757487,227.2193298339844
2020-08-04,227.0484030195037,228.8005332444785,223.58691880429848,224.27066040039065,605320.0,NAM-INDIA.NS,230.22906712123327,249.84346771240234,225.29627990722656
2020-08-05,226.06550190077405,229.3987876384629,221.3647069652192,223.15956115722656,1359189.0,NAM-INDIA.NS,229.1118621826172,248.44593200683593,224.27066040039065
2020-08-06,224.35613146368743,228.7577798738849,223.5441655070672,225.33901977539065,863970.0,NAM-INDIA.NS,227.46963718959265,247.16067403157552,223.15956115722656
2020-08-07,225.8091207824154,237.902979727198,224.27066304843797,233.28765869140625,1898495.0,NAM-INDIA.NS,226.87135750906808,246.08234151204428,225.33901977539065
2020-08-10,234.9115428827772,241.0225709363585,233.5440337175885,237.6892852783203,1152890.0,NAM-INDIA.NS,228.0373992919922,245.17494557698566,233.28765869140625
2020-08-11,238.9713241499496,239.48414335569052,230.80901917316524,231.32183837890625,673852.0,NAM-INDIA.NS,228.62347194126673,243.92994639078776,237.6892852783203
2020-08-12,230.46716152232668,231.36460170425045,227.34754812741775,227.9030914306641,475646.0,NAM-INDIA.NS,228.9958735874721,242.58238627115887,231.32183837890625
2020-08-13,228.8005047219185,235.72347228930295,228.20221133761936,230.7662811279297,894197.0,NAM-INDIA.NS,229.92381940569197,241.2376724243164,227.9030914306641
2020-08-14,232.3901682597948,234.6978413204068,228.11671894982035,229.5697021484375,852853.0,NAM-INDIA.NS,230.8395538330078,239.94993947347004,230.7662811279297
2020-08-17,229.8261143888101,231.1508994153268,223.7578107370964,226.5355529785156,851677.0,NAM-INDIA.NS,231.01048714773995,238.5852839152018,229.5697021484375
2020-08-18,226.9202123510073,232.94576687851196,224.99715970396488,231.70648193359372,1090739.0,NAM-INDIA.NS,230.78460475376673,237.3673517862956,226.5355529785156
2020-08-19,233.3303772424436,236.3217923352954,231.70647140865225,233.20217895507807,701288.0,NAM-INDIA.NS,230.14358956473214,236.50269012451173,231.70648193359372
2020-08-20,230.6808549258324,234.7833830939556,229.61249229086368,231.920166015625,457080.0,NAM-INDIA.NS,230.22906494140625,235.8403065999349,233.20217895507807
2020-08-21,233.50131738507923,234.18505894878248,228.11675475940837,229.65521240234372,603823.0,NAM-INDIA.NS,230.47936793736048,235.22635599772136,231.920166015625
2020-08-24,230.21077143130668,247.0054257881795,228.33044287789164,239.82603454589844,3173028.0,NAM-INDIA.NS,231.77361842564173,235.05684305826824,229.65521240234372
2020-08-25,235.0397224616277,240.8516033474525,235.0397224616277,237.90293884277344,2816827.0,NAM-INDIA.NS,232.96408081054688,234.77194569905598,239.82603454589844
2020-08-26,239.5268591202607,250.2532075878697,234.9970128065211,245.4669647216797,2871972.0,NAM-INDIA.NS,235.66856820242745,234.82607727050782,237.90293884277344
2020-08-27,247.00539249065616,254.48392946052897,245.8088317920899,247.945556640625,2541852.0,NAM-INDIA.NS,237.98843601771765,234.83747253417968,245.4669647216797
2020-08-28,250.6378365235843,251.4070522886287,242.73195421209869,244.2703857421875,1109156.0,NAM-INDIA.NS,239.5696084158761,234.65228983561198,247.945556640625
2020-08-31,251.06516637677208,252.00533051428565,230.76628058460756,232.9884796142578,1703503.0,NAM-INDIA.NS,239.72222464425224,234.22779235839843,244.2703857421875
2020-09-01,233.2876354625644,235.33888615388423,229.35605642241197,232.0483245849609,1044056.0,NAM-INDIA.NS,240.06409781319755,233.6523005167643,232.9884796142578
2020-09-02,232.4756415919969,242.2191007656368,229.09960621653437,239.9541778564453,1165973.0,NAM-INDIA.NS,240.08240400041853,233.53549194335938,232.0483245849609
2020-09-03,240.93709612894617,245.72336515377236,235.93715461268195,236.8345947265625,922209.0,NAM-INDIA.NS,239.9297834123884,233.3346394856771,239.9541778564453
2020-09-04,232.47568097643835,240.16789100874692,232.0483359746434,235.33889770507807,548222.0,NAM-INDIA.NS,238.482916695731,233.2078618367513,236.8345947265625
2020-09-07,235.3816165236525,241.8772656227136,233.8004348356536,240.6379547119141,925065.0,NAM-INDIA.NS,237.43897356305803,233.52979380289713,235.33889770507807
2020-09-08,240.6379646837372,241.40720656814787,237.34742897338467,239.0995330810547,545073.0,NAM-INDIA.NS,236.70028032575334,233.60529174804688,240.6379547119141
2020-09-09,237.5610704631029,237.5610704631029,231.5354909592945,235.9798889160156,771249.0,NAM-INDIA.NS,237.12762451171872,233.55543416341146,239.0995330810547
2020-09-10,237.09102174532163,238.28758263449947,231.7919589266568,233.7150115966797,368503.0,NAM-INDIA.NS,237.36572265624997,233.69503479003907,235.9798889160156
2020-09-11,234.1850317271333,235.638014984944,232.04830698509735,233.9713592529297,475066.0,NAM-INDIA.NS,236.51103428431915,233.92010243733725,233.7150115966797
2020-09-14,234.6124286692832,244.0140196177791,234.18508362616976,241.1508026123047,1394419.0,NAM-INDIA.NS,237.12763541085377,234.4485865275065,233.9713592529297
2020-09-15,242.6464794271933,246.74900696956772,239.4841421598729,243.4156951904297,864471.0,NAM-INDIA.NS,238.28146362304688,235.08675435384114,241.1508026123047
2020-09-16,243.9284672266865,244.35581213285909,240.466983919914,242.5182342529297,607677.0,NAM-INDIA.NS,238.5500749860491,235.73204345703124,243.4156951904297
2020-09-17,240.85159301757807,242.51824868405123,236.96276457322716,240.85159301757807,415172.0,NAM-INDIA.NS,238.8003692626953,236.24912923177084,242.5182342529297
2020-09-18,241.87725462049676,241.87725462049676,235.63802845043872,239.0140380859375,726364.0,NAM-INDIA.NS,239.23381914411272,236.44000854492188,240.85159301757807
2020-09-21,236.36448918037783,239.27045580234105,231.10815133923063,232.9884796142578,802368.0,NAM-INDIA.NS,239.1300288609096,236.28331502278647,239.0140380859375
2020-09-22,233.11671424678232,234.0996026007779,222.7322352173895,226.0655212402344,684376.0,NAM-INDIA.NS,238.00062343052454,236.10810445149738,232.9884796142578
2020-09-23,226.6210222330977,230.8517476799996,222.7321936133496,225.0398406982422,647278.0,NAM-INDIA.NS,235.69905744280135,236.01266276041667,226.0655212402344
2020-09-24,222.5612710374744,222.94589197114104,212.90328445967583,214.7835998535156,800098.0,NAM-INDIA.NS,231.60875810895647,235.4799067179362,225.0398406982422
2020-09-25,219.65533710812912,222.2194071911034,212.8178168868644,217.73228454589844,768909.0,NAM-INDIA.NS,228.06790815080916,235.0853261311849,214.7835998535156
2020-09-28,219.6553047504269,227.2193155975509,219.6553047504269,225.0398406982422,1248896.0,NAM-INDIA.NS,225.809086390904,235.03546905517578,217.73228454589844
2020-09-29,224.356117065121,226.49284198955075,218.45876149030852,221.66384887695312,1013795.0,NAM-INDIA.NS,223.33048793247767,234.70071461995443,225.0398406982422
2020-09-30,221.66385423529488,225.89455403809484,219.39893097726232,224.0142517089844,779424.0,NAM-INDIA.NS,222.04845537458147,234.39445037841796,221.66384887695312
2020-10-01,225.98004564601493,229.78342682938955,224.95443322840208,227.4330291748047,488259.0,NAM-INDIA.NS,222.24381365094865,234.24487915039063,224.0142517089844
2020-10-05,227.347553802751,234.8688158261552,227.347553802751,231.10818481445312,801198.0,NAM-INDIA.NS,223.11071995326452,234.2933115641276,227.4330291748047
2020-10-06,232.4756695258083,235.89442937177608,231.7064537770791,235.12521362304688,565216.0,NAM-INDIA.NS,226.01666477748327,234.1366175333659,231.10818481445312
2020-10-07,234.99702543368173,234.99702543368173,228.3731779477624,229.69793701171875,494596.0,NAM-INDIA.NS,227.72604370117188,233.86311747233074,235.12521362304688
2020-10-08,231.06542060642084,233.07394709607289,228.88594570285832,232.00558471679688,512776.0,NAM-INDIA.NS,228.72114998953683,233.4144048055013,229.69793701171875
2020-10-09,230.42437190043088,233.03116531878476,224.8688882823121,230.33889770507807,574636.0,NAM-INDIA.NS,229.96044267926897,232.8275161743164,232.00558471679688
2020-10-12,230.59530320823472,233.33032106789696,227.34749232256627,229.39874267578125,416551.0,NAM-INDIA.NS,230.72965567452567,232.33179473876953,230.33889770507807
2020-10-13,227.34753420952333,229.48425915510157,226.49284423129205,228.1595001220703,337306.0,NAM-INDIA.NS,230.83343723842077,232.17082875569662,229.39874267578125
2020-10-14,226.83471365821504,233.75770765736863,226.83471365821504,231.79193115234372,421402.0,NAM-INDIA.NS,230.93111528669084,232.1622823079427,228.1595001220703
2020-10-15,232.0910559790376,232.68934940430543,228.2449510302061,230.80902099609372,503779.0,NAM-INDIA.NS,230.31451633998327,231.85744374593096,231.79193115234372
2020-10-16,230.85178139806456,234.9542830924597,228.24496116712905,232.3902130126953,373044.0,NAM-INDIA.NS,230.69912719726562,231.70929768880205,230.80902099609372
2020-10-19,233.33037778391832,233.92867123710496,229.5697468750772,233.24490356445312,267721.0,NAM-INDIA.NS,230.8761727469308,231.63949788411455,232.3902130126953
2020-10-20,233.3730750544717,237.4328522237322,230.85175540971844,233.8431701660156,644001.0,NAM-INDIA.NS,231.3767830984933,231.41300506591793,233.24490356445312
2020-10-21,234.1850738137992,236.66366974338956,229.27060602391103,234.99703979492188,638192.0,NAM-INDIA.NS,232.1765398297991,231.2762552897135,233.8431701660156
2020-10-22,234.1850538045432,234.78334722194265,229.91160391759897,233.50131225585935,498831.0,NAM-INDIA.NS,232.93965584891183,231.1936360677083,234.99703979492188
2020-10-23,233.33035036888091,234.9542560156408,231.70644472212112,232.9884796142578,504335.0,NAM-INDIA.NS,233.110591343471,231.1694183349609,233.50131225585935
2020-10-26,233.0739598391671,233.84317557768875,229.014182575954,232.30471801757807,625703.0,NAM-INDIA.NS,233.32426234654014,231.11386362711585,232.9884796142578
2020-10-27,231.70645862618375,234.61239933945777,230.25347522801263,233.5440368652344,493357.0,NAM-INDIA.NS,233.4890943254743,230.86030476888018,232.30471801757807
2020-10-28,233.33035278320312,237.0909832891029,230.7662829723987,233.33035278320312,650809.0,NAM-INDIA.NS,233.5013013567243,230.52412668863929,233.5440368652344
2020-10-29,230.76625826452536,234.18501764622204,228.2876629294081,233.41580200195312,409140.0,NAM-INDIA.NS,233.44024876185821,230.2207122802734,233.33035278320312
2020-10-30,233.15944358895675,235.7662639850153,230.93727024552493,232.34750366210935,248491.0,NAM-INDIA.NS,233.06174360002788,229.9372426350911,233.41580200195312
2020-11-02,232.47566161208488,234.09956726702652,229.48424684869408,231.6209716796875,419339.0,NAM-INDIA.NS,232.79312351771765,229.6908070882161,232.34750366210935
2020-11-03,232.00563477360097,235.46711919606773,230.38170274027436,234.9542999267578,398172.0,NAM-INDIA.NS,233.07395499093192,229.7563344319661,231.6209716796875
2020-11-04,234.1850566330315,240.72342982241304,233.4585649268628,237.77476501464844,516682.0,NAM-INDIA.NS,233.85539027622767,230.14664255777993,234.9542999267578
2020-11-05,239.39868851897523,240.59524937384745,234.95428982022665,238.1166534423828,515500.0,NAM-INDIA.NS,234.5086212158203,230.58253631591793,237.77476501464844
2020-11-06,238.24484206082528,245.16783640996897,237.4756262627136,243.58665466308597,779183.0,NAM-INDIA.NS,235.97380719866072,231.54263814290363,238.1166534423828
2020-11-09,245.89431381852376,250.8515051914653,241.87726054236688,247.5609436035156,1428009.0,NAM-INDIA.NS,237.99454171316964,232.53692677815752,243.58665466308597
2020-11-10,247.86012081985172,249.14215592754064,242.56103194150927,243.62939453125,491851.0,NAM-INDIA.NS,239.60624040876115,233.15657857259112,247.5609436035156
2020-11-11,244.44131960103005,245.29600952970495,241.23623236849903,243.67210388183597,310781.0,NAM-INDIA.NS,241.3278307233538,233.8901870727539,243.62939453125
2020-11-12,245.29603284315365,248.15924959295413,243.11658375111983,244.09947204589844,373686.0,NAM-INDIA.NS,242.63428388323103,234.55969441731767,243.67210388183597
2020-11-13,244.35581915139255,247.17631126298124,242.47551716006404,244.31309509277344,244984.0,NAM-INDIA.NS,243.5683310372489,235.12236328124996,244.09947204589844
2020-11-14,246.87718323394063,247.5609247218286,245.29600169975063,246.32164001464844,122408.0,NAM-INDIA.NS,244.74047197614397,235.62947845458982,244.31309509277344
2020-11-17,246.15073783523167,249.56949808294323,244.86870274233985,247.17637634277344,628458.0,NAM-INDIA.NS,245.25328935895647,236.0311838785807,246.32164001464844
2020-11-18,246.19340955650264,258.88555949398864,245.76606461640588,255.2104034423828,1938338.0,NAM-INDIA.NS,246.3460693359375,236.8815994262695,247.17637634277344
2020-11-19,253.67198806618825,260.6804566789821,244.69774283625603,246.9626922607422,1174372.0,NAM-INDIA.NS,246.82225472586495,237.38016967773436,255.2104034423828
2020-11-20,247.86009216308597,252.13354202796677,246.3643847103777,247.86009216308597,393445.0,NAM-INDIA.NS,247.42053876604353,237.9642094930013,246.9626922607422
2020-11-23,250.33865301455145,254.22750750000563,245.72333301966447,250.29592895507807,563547.0,NAM-INDIA.NS,248.30574689592635,238.66078236897786,247.86009216308597
2020-11-24,250.59515314853616,251.1934205815737,246.5353750861292,247.2618408203125,448268.0,NAM-INDIA.NS,248.72699628557478,239.29752705891926,250.29592895507807
2020-11-25,247.86013509393044,258.1164165460931,247.6891866364987,249.7831878662109,1175109.0,NAM-INDIA.NS,249.22150312151228,239.89723561604816,247.2618408203125
2020-11-26,250.80872374842056,252.7744997886153,247.21901627677764,248.201904296875,464410.0,NAM-INDIA.NS,249.36800711495536,240.47699839274088,249.7831878662109
2020-11-27,248.92839581888157,251.6206633810828,247.17629222144976,248.201904296875,503611.0,NAM-INDIA.NS,248.3667929513114,241.0040547688802,248.201904296875
2020-12-01,248.28737849059257,251.6206633810828,246.6634731422062,248.201904296875,453106.0,NAM-INDIA.NS,248.5438232421875,241.50262145996095,248.201904296875
2020-12-02,245.723367923449,248.71478283729968,244.4413329603701,246.44985961914065,811911.0,NAM-INDIA.NS,248.3423614501953,241.92284444173177,248.201904296875
2020-12-03,247.8601209045773,253.75747718534788,247.00543083249252,251.4925537109375,1030489.0,NAM-INDIA.NS,248.51330784388952,242.47269490559896,246.44985961914065
2020-12-04,252.47541809082037,256.15060070146706,250.4668913956268,252.4754180908203,791705.0,NAM-INDIA.NS,249.2581045968192,243.10516510009765,251.4925537109375
2020-12-07,254.14209282917375,262.3043724134332,253.84294609359412,259.2702331542969,2745016.0,NAM-INDIA.NS,250.61339678083147,243.9812235514323,252.4754180908203
2020-12-08,262.3897959363782,267.38973700389624,254.697586934986,260.0821228027344,2483980.0,NAM-INDIA.NS,252.3105708530971,244.90713704427083,259.2702331542969
2020-12-09,261.5351536814436,262.3043695050691,256.1506168329949,258.0736694335937,1198817.0,NAM-INDIA.NS,253.72082301548548,245.72479146321615,260.0821228027344
2020-12-10,258.11637482712,264.52654969865443,250.85150997271427,262.8598937988281,1113684.0,NAM-INDIA.NS,255.81482151576452,246.7091094970703,258.0736694335937
2020-12-11,264.05650179464425,265.76588189732377,257.6035762571869,261.492431640625,1226567.0,NAM-INDIA.NS,257.96376037597656,247.6449971516927,262.8598937988281
2020-12-14,261.9624859867237,263.629141926229,259.5693644109372,260.7231750488281,511108.0,NAM-INDIA.NS,259.28242056710377,248.59085286458333,261.492431640625
2020-12-15,259.44109499012217,260.72312977231627,255.0394474545353,259.3128967285156,450230.0,NAM-INDIA.NS,260.2592032296317,249.5139170328776,260.7231750488281
2020-12-16,260.7659201550288,268.15898332326367,258.971065966371,266.1932067871094,1234625.0,NAM-INDIA.NS,261.2481994628906,250.55521392822266,259.3128967285156
2020-12-17,266.66328225449854,272.73158652241665,265.8085922472726,268.6290588378906,1575251.0,NAM-INDIA.NS,262.4691903250558,251.58369038899738,266.1932067871094
2020-12-18,269.0563661845212,270.0820044828722,260.4667432473269,262.3043212890625,672188.0,NAM-INDIA.NS,263.07356916155135,252.38994598388672,268.6290588378906
2020-12-21,262.3898018004288,266.53505307154387,249.569453178258,252.6035919189453,1373871.0,NAM-INDIA.NS,261.60838317871094,252.69051055908204,262.3043212890625
2020-12-22,252.94549490600747,256.065107930062,242.0909223751146,251.27883911132807,726851.0,NAM-INDIA.NS,260.14929853166853,252.81444040934244,252.6035919189453
2020-12-23,252.8173016889132,260.16764119981525,251.66349100917276,259.1420288085937,751390.0,NAM-INDIA.NS,259.92342049734935,253.33152821858724,251.27883911132807
2020-12-24,259.99667236984345,263.2017594252751,257.6462751958602,260.5522155761719,758467.0,NAM-INDIA.NS,260.1004660470145,253.89419860839843,259.1420288085937
2020-12-28,261.53512271602835,264.3128650324567,259.3983978572372,260.33856201171875,600960.0,NAM-INDIA.NS,259.26408822195873,254.4355016072591,260.5522155761719
2020-12-29,260.9368617780274,263.2445353457802,257.43265344020546,259.8257751464844,876619.0,NAM-INDIA.NS,258.00647626604353,254.9525909423828,260.33856201171875
2020-12-30,260.637750291522,261.4924403713984,255.9369548522021,256.5779724121094,772028.0,NAM-INDIA.NS,257.18842642647877,255.29446868896486,259.8257751464844
2020-12-31,256.4069830048692,258.07363882762763,253.67196475292369,254.18478393554688,720471.0,NAM-INDIA.NS,257.41431100027904,255.52808227539063,256.5779724121094
2021-01-01,254.6548893156783,261.2787366435488,254.6548893156783,258.8428649902344,839321.0,NAM-INDIA.NS,258.49488612583707,255.64916432698567,254.18478393554688
2021-01-04,261.5778713678986,268.92821078967404,259.8257672522216,266.4068908691406,1735015.0,NAM-INDIA.NS,259.532723563058,256.29730428059895,258.8428649902344
2021-01-05,264.9111917390198,268.28720179060645,261.19328480057897,266.06500244140625,1177572.0,NAM-INDIA.NS,260.3202645438058,256.90413462320964,266.4068908691406
2021-01-06,267.5180003792108,268.7573114531738,258.3300818358353,261.23602294921875,728278.0,NAM-INDIA.NS,260.44847324916293,257.26880442301433,266.06500244140625
2021-01-07,263.2018225899058,264.09923674756703,256.6206984901521,258.372802734375,635983.0,NAM-INDIA.NS,260.24090576171875,257.63916982014973,261.23602294921875
2021-01-08,260.68042248969715,268.3726316779177,260.63769842743346,264.09918212890625,1919811.0,NAM-INDIA.NS,261.3153642926897,258.1163696289062,258.372802734375
2021-01-11,265.85130933616824,267.9453102321347,262.4325493970022,264.52655029296875,1147344.0,NAM-INDIA.NS,262.79275948660717,258.6605244954427,264.09918212890625
2021-01-12,264.868399832132,273.5007732029638,262.3898042915934,267.4752197265625,2023336.0,NAM-INDIA.NS,264.0259530203683,259.30296834309894,264.52655029296875
2021-01-13,269.86838098810006,271.0222177623829,260.12491971773284,262.603515625,960064.0,NAM-INDIA.NS,263.4826136997768,259.78302205403645,267.4752197265625
2021-01-14,264.27015231850737,269.65468876069167,262.6889706384792,267.3470153808594,1166221.0,NAM-INDIA.NS,263.66575840541293,260.47959391276044,262.603515625
2021-01-15,268.28718637018454,291.62023907106,266.7060046501124,283.7998046875,8206204.0,NAM-INDIA.NS,266.88915579659596,261.55650227864584,267.3470153808594
2021-01-18,286.06473937573446,290.5945857199059,279.4836162659095,286.2784118652344,3345075.0,NAM-INDIA.NS,270.87567138671875,262.68326873779296,283.7998046875
2021-01-19,289.654392601842,292.1757381591885,284.9108742422311,288.0304870605469,1702570.0,NAM-INDIA.NS,274.29442923409596,263.6419438680013,286.2784118652344
2021-01-20,288.88520077860375,293.62871952975934,284.184406091378,286.23565673828125,1474663.0,NAM-INDIA.NS,277.3957301548549,264.5137283325195,288.0304870605469
2021-01-21,286.3211729866199,288.7997689689944,281.19303257491924,282.5177917480469,919564.0,NAM-INDIA.NS,279.544669015067,265.32853240966796,286.23565673828125
2021-01-22,283.757082120366,286.02200542067675,278.6289420820461,280.9793395996094,894908.0,NAM-INDIA.NS,282.16978672572543,265.9325139363607,282.5177917480469
2021-01-25,282.13314340062897,283.28697999121493,262.38980134048114,268.5435791015625,1088706.0,NAM-INDIA.NS,282.3407244001116,266.1675521850586,280.9793395996094
2021-01-27,267.1760748618302,279.312656105663,264.09918592569426,271.49224853515625,795307.0,NAM-INDIA.NS,280.58250209263394,266.52652130126955,268.5435791015625
2021-01-28,271.87688711161474,274.2700086158474,266.6632730312491,271.8341369628906,977694.0,NAM-INDIA.NS,278.519034249442,266.9438959757487,271.49224853515625
2021-01-29,273.9280848971284,277.17589575129495,271.4494896575735,275.3383178710937,460302.0,NAM-INDIA.NS,276.7058672223772,267.2487330118815,271.8341369628906
2021-02-01,276.8768708200437,286.2357118494275,272.04785084512633,282.1759338378906,744884.0,NAM-INDIA.NS,276.1259068080357,267.7002955118815,275.3383178710937
2021-02-02,284.78270078224546,287.00487377805894,276.91954283638063,283.4151916503906,1363338.0,NAM-INDIA.NS,276.2541067940848,268.4039911905924,282.1759338378906
2021-02-03,284.0989717095528,284.0989717095528,230.76631699778903,283.0306091308594,719005.0,NAM-INDIA.NS,276.5471452985491,269.41822509765626,283.4151916503906
2021-02-04,282.73142032105915,285.85105945309044,280.76564390200394,282.81689453125,804313.0,NAM-INDIA.NS,278.586190359933,270.46949361165366,283.0306091308594
2021-02-05,285.23193733748906,288.76820566602254,280.9625042575416,284.9300537109375,675214.0,NAM-INDIA.NS,280.50587681361606,271.3290944417318,282.81689453125
2021-02-08,285.36127691917,290.9244474709388,283.7656290598125,285.576904296875,1425072.0,NAM-INDIA.NS,282.46912928989957,272.1632507324219,284.9300537109375
2021-02-09,285.57694762137623,287.00008326579115,280.31563354284634,282.2131652832031,889435.0,NAM-INDIA.NS,283.4512503487723,272.8924041748047,285.576904296875
2021-02-10,282.4718882564169,284.80067465774664,273.1999102449467,275.2699279785156,986960.0,NAM-INDIA.NS,282.4646780831473,273.40720926920574,282.2131652832031
2021-02-11,274.2780485021441,283.7656539534761,274.2780485021441,282.7737731933594,374611.0,NAM-INDIA.NS,282.373046875,274.2804026285807,275.2699279785156
2021-02-12,283.72251521351586,287.6469229742896,279.4961975367424,280.5312194824219,577074.0,NAM-INDIA.NS,282.0159912109375,275.1586171468099,282.7737731933594
2021-02-15,282.04065793864845,296.70332211282897,279.1943865982252,292.6926574707031,1309176.0,NAM-INDIA.NS,283.4268144880022,276.2869435628255,280.5312194824219
2021-02-16,292.82199672828943,300.15332801603745,287.1725696175883,297.7383117675781,738800.0,NAM-INDIA.NS,285.2565656389509,277.3313242594401,292.6926574707031
2021-02-17,297.8677066374374,303.43087797010264,293.3395310700166,297.393310546875,1022452.0,NAM-INDIA.NS,286.9446236746652,278.37560119628904,297.7383117675781
2021-02-18,298.3420624978432,300.58459270055243,295.0645365781399,297.9539489746094,468044.0,NAM-INDIA.NS,289.1933070591518,279.5995320638021,297.393310546875
2021-02-19,296.9189581231657,300.3258818968345,285.1025649473156,287.6900939941406,714382.0,NAM-INDIA.NS,290.96761648995533,280.5767751057943,297.9539489746094
2021-02-22,287.21567820905227,291.0107149390657,274.4074062137676,276.82244873046875,697998.0,NAM-INDIA.NS,290.11742728097096,281.000883992513,287.6900939941406
2021-02-23,278.6768675023865,289.716980268805,274.45057556782183,283.6794128417969,667920.0,NAM-INDIA.NS,290.5671691894531,281.6393127441406,276.82244873046875
2021-02-24,284.6281351361956,293.0376027652196,281.7387230454728,289.8031921386719,397581.0,NAM-INDIA.NS,290.1543884277344,282.3835784912109,283.6794128417969
2021-02-25,292.5632742644366,298.2558167113652,289.846347898206,293.7707824707031,890993.0,NAM-INDIA.NS,289.5875985281808,283.4224873860677,289.8031921386719
2021-02-26,288.94068744687416,296.53076064814127,281.6524715184142,284.45562744140625,1047731.0,NAM-INDIA.NS,287.7393580845424,283.9927744547526,293.7707824707031
2021-03-01,285.53381577807977,303.12903410672686,283.4637978340349,297.7814636230469,1030673.0,NAM-INDIA.NS,287.71471732003346,284.4588297526042,284.45562744140625
2021-03-02,299.29082753625886,307.872808479885,293.42577285673707,298.1264343261719,1575544.0,NAM-INDIA.NS,289.2056230817522,284.8537638346354,297.7814636230469
2021-03-03,302.7408279297952,323.1823131648462,298.7732790515604,311.4521789550781,5179869.0,NAM-INDIA.NS,294.15272739955356,285.6344868977865,298.1264343261719
2021-03-04,309.38224527707456,317.4035750973183,305.6303227527512,311.5816345214844,1024328.0,NAM-INDIA.NS,298.13875906808033,286.47935282389324,311.4521789550781
2021-03-05,310.46034075248264,314.8160036996454,299.63582948978745,304.3365173339844,836990.0,NAM-INDIA.NS,300.21494838169644,287.20664367675784,311.5816345214844
2021-03-08,305.32843017578125,314.6435242965292,300.28274322633166,305.32843017578125,759771.0,NAM-INDIA.NS,301.8660409109933,288.0182800292969,304.3365173339844
2021-03-09,306.19088767254664,311.1072025948432,300.3258333105985,301.7920837402344,535018.0,NAM-INDIA.NS,304.3426775251116,289.1265635172526,305.32843017578125
2021-03-10,303.64645896138325,309.89965283669346,297.9539173184617,304.81085205078125,890616.0,NAM-INDIA.NS,305.3468758719308,290.2371836344401,301.7920837402344
2021-03-12,306.1046816667834,308.4334683428711,295.8408216888582,298.94586181640625,797430.0,NAM-INDIA.NS,305.4639369419643,291.140907796224,304.81085205078125
2021-03-15,297.91077371670553,297.9970299303744,286.61189409031647,293.3825988769531,807556.0,NAM-INDIA.NS,302.882568359375,291.7423838297526,298.94586181640625
2021-03-16,292.3907883946804,292.3907883946804,286.6982191084956,288.2076110839844,740643.0,NAM-INDIA.NS,299.54342215401783,291.9434397379557,293.3825988769531
2021-03-17,288.07822030883807,294.46078639265687,284.7144379707706,287.7763366699219,865124.0,NAM-INDIA.NS,297.1776820591518,292.08881123860675,288.2076110839844
2021-03-18,288.5095164593263,291.83018431968725,276.1324960643676,278.6769104003906,735191.0,NAM-INDIA.NS,293.37032209123885,291.9436879475912,287.7763366699219
2021-03-19,276.003048769669,284.4987728789508,270.87110655292724,281.8681030273437,1051754.0,NAM-INDIA.NS,290.5240391322545,291.9120615641276,278.6769104003906
2021-03-22,282.47192709635925,290.407026874772,282.21318471472483,289.84637451171875,1056084.0,NAM-INDIA.NS,288.3862566266741,292.07593892415366,281.8681030273437
2021-03-23,290.3638495549669,294.503911399178,288.46634424119446,293.08074951171875,965907.0,NAM-INDIA.NS,287.5483834402902,292.32606709798176,289.84637451171875
2021-03-24,290.4070182228834,290.57950436493184,285.9219573823213,288.9838562011719,592824.0,NAM-INDIA.NS,286.9199916294643,292.5517567952474,293.08074951171875
2021-03-25,287.08633949429924,288.5525900921155,275.83057287747863,282.2131652832031,1076561.0,NAM-INDIA.NS,286.0636422293527,292.783198038737,288.9838562011719
2021-03-26,284.2832011616265,288.2507510289034,283.4206914653363,285.1025695800781,812398.0,NAM-INDIA.NS,285.68167550223217,292.86082458496094,282.2131652832031
2021-03-30,285.40448191782184,291.3557941559185,285.1457395116171,289.9757995605469,500186.0,NAM-INDIA.NS,287.2958025251116,293.17564392089844,285.1025695800781
2021-03-31,288.682003993248,294.07268955988536,286.43947353318543,291.7870178222656,390740.0,NAM-INDIA.NS,288.7127903529576,293.1454559326172,289.9757995605469
2021-04-01,290.751999597854,299.16146843425787,289.8032337468418,297.0483093261719,777441.0,NAM-INDIA.NS,289.74163818359375,293.12245585123696,291.7870178222656
2021-04-05,294.97829782210624,295.92706369347746,284.80069456628297,289.41510009765625,534245.0,NAM-INDIA.NS,289.2179739815848,292.8565155029297,297.0483093261719
2021-04-06,288.8975693441513,292.39072231212003,287.69003497930663,290.7950744628906,571979.0,NAM-INDIA.NS,289.47671944754467,292.6178863525391,289.41510009765625
2021-04-07,290.06201252716914,297.52274277107483,284.62821174080074,293.6414489746094,1021997.0,NAM-INDIA.NS,291.1093314034598,292.81626485188804,290.7950744628906
2021-04-08,294.54701070915166,312.5303400533921,294.3313833221025,308.821533203125,2817863.0,NAM-INDIA.NS,294.4977547781808,293.8829010009766,293.6414489746094
2021-04-09,311.322878086372,311.322878086372,301.404016812197,304.1640319824219,904730.0,NAM-INDIA.NS,296.52464512416293,294.5657216389974,308.821533203125
2021-04-12,297.6952090994518,299.894624564003,276.0893522666596,281.78192138671875,936372.0,NAM-INDIA.NS,295.0953456333705,294.2983459472656,304.1640319824219
2021-04-13,280.48812252481093,286.35317706861946,278.59059094326534,283.89501953125,530792.0,NAM-INDIA.NS,293.21630423409596,293.9691538492838,281.78192138671875
2021-04-15,286.3532029329896,290.40700880439783,280.2293791721899,286.9569702148437,1062923.0,NAM-INDIA.NS,292.8651428222656,294.0525319417318,283.89501953125
2021-04-16,286.5688236523892,292.52013481604365,286.5257086997089,290.8382568359375,1281299.0,NAM-INDIA.NS,292.8713117327009,293.8210917154948,286.9569702148437
2021-04-19,285.6631551116134,286.1375248049156,278.84930904759455,280.48809814453125,392247.0,NAM-INDIA.NS,290.9922616141183,293.2331471761068,290.8382568359375
2021-04-20,282.73070013693444,287.6470164947644,280.1863120359288,282.6444702148437,1002282.0,NAM-INDIA.NS,287.25268118722096,292.27289021809895,280.48809814453125
2021-04-22,282.4718992748409,283.55003629497384,280.1431127826718,280.8762512207031,784202.0,NAM-INDIA.NS,283.9258553641183,291.24937744140624,282.6444702148437
2021-04-23,279.8843505640364,284.412525727245,279.8843505640364,280.9193725585937,771352.0,NAM-INDIA.NS,283.80263410295754,290.46880594889325,280.8762512207031
2021-04-26,282.55820904793086,287.0432441086129,282.0838128761476,285.23199462890625,1342265.0,NAM-INDIA.NS,283.9936305454799,289.7989247639974,280.9193725585937
2021-04-27,286.3100559901532,296.3582869952091,283.981269673715,293.8138732910156,816843.0,NAM-INDIA.NS,284.97318812779014,289.5329844156901,285.23199462890625
2021-04-28,298.34207827998875,301.87837305728664,289.0700996789436,294.4607849121094,1345473.0,NAM-INDIA.NS,285.4906921386718,289.1879821777344,293.8138732910156
2021-04-29,295.84079353720244,299.8514579228558,290.3207373477879,295.5389099121094,743153.0,NAM-INDIA.NS,287.6408081054687,289.0744171142578,294.4607849121094
2021-04-30,293.08069344939423,297.99700772343874,292.1319541348408,294.719482421875,470876.0,NAM-INDIA.NS,289.36580984933033,289.1189798990885,295.5389099121094
2021-05-03,292.3907202590133,293.98636809703834,288.9837972081408,292.0888366699219,475036.0,NAM-INDIA.NS,290.9676077706473,289.24835408528645,294.719482421875
2021-05-04,293.25322132727325,296.40137564482893,290.36380932338506,293.3394775390625,580635.0,NAM-INDIA.NS,292.74190848214283,289.4337921142578,292.0888366699219
2021-05-05,294.9782929217669,295.9701737301161,289.9757476055768,292.4770202636719,307449.0,NAM-INDIA.NS,293.7769121442522,289.8937957763672,293.3394775390625
2021-05-06,294.115813484469,299.6358704086923,291.31265690433844,298.04022216796875,697298.0,NAM-INDIA.NS,294.38067626953125,290.432866414388,292.4770202636719
2021-05-07,299.54956942937434,305.3283941985366,298.169575145727,302.5252380371094,1020836.0,NAM-INDIA.NS,295.5327410016741,290.8554951985677,298.04022216796875
2021-05-10,304.68148500941527,306.4927602483338,299.420171723681,302.22332763671875,453549.0,NAM-INDIA.NS,296.48765781947543,291.1602478027344,302.5252380371094
2021-05-11,298.0401861205527,303.38775624762906,295.8407971369915,301.27459716796875,331495.0,NAM-INDIA.NS,297.4241027832031,291.5699391682943,302.22332763671875
2021-05-12,302.4821246527461,303.344634245344,296.27204505736006,297.47955322265625,373114.0,NAM-INDIA.NS,298.1942051478795,292.078818766276,301.27459716796875
2021-05-14,295.8838997445459,300.15333267769444,290.881354728599,294.6763916015625,387330.0,NAM-INDIA.NS,298.38519287109375,292.3979461669922,297.47955322265625
2021-05-17,294.84893745743545,301.8783860394412,294.50393885201737,298.7733459472656,378342.0,NAM-INDIA.NS,299.28466796875,292.6911977132161,294.6763916015625
2021-05-18,300.1533654925983,305.1127961005938,299.7221106571204,301.53338623046875,526508.0,NAM-INDIA.NS,299.78369140625,293.0160766601563,298.7733459472656
2021-05-19,301.27462757231604,308.34721763844004,300.28274668201635,303.3877868652344,768149.0,NAM-INDIA.NS,299.9069126674107,293.227392578125,301.53338623046875
2021-05-20,303.8621222315572,307.743415440246,300.1533414719362,301.57647705078125,497346.0,NAM-INDIA.NS,299.8145054408482,293.6327718098958,303.3877868652344
2021-05-21,303.9915076737787,307.35528972357025,301.8783487041683,302.65460205078125,600233.0,NAM-INDIA.NS,300.0116489955357,294.02808939615886,301.57647705078125
2021-05-24,305.32841018957265,305.32841018957265,299.33395770942866,303.2583923339844,592185.0,NAM-INDIA.NS,300.83719744001115,294.34865417480466,302.65460205078125
2021-05-25,305.1559022869933,306.622179214168,299.4633596796221,300.6708679199219,863787.0,NAM-INDIA.NS,301.6935511997768,294.07696533203125,303.2583923339844
2021-05-26,300.9727737430126,303.1290480173666,299.8946366058356,301.4471435546875,269576.0,NAM-INDIA.NS,302.07552228655135,293.9864023844401,300.6708679199219
2021-05-27,302.6546307184666,302.6546307184666,298.5577098837036,300.02398681640625,345200.0,NAM-INDIA.NS,301.8598937988281,294.59447123209634,301.4471435546875
2021-05-28,302.7408922336898,303.5602869436315,296.9620669529683,300.7139892578125,784609.0,NAM-INDIA.NS,301.47792271205356,295.1551035563151,300.02398681640625
2021-05-31,303.6034154647436,323.87239348582733,302.7840207181871,319.5598449707031,7127770.0,NAM-INDIA.NS,304.0469752720424,296.2418660481771,300.7139892578125
2021-06-01,322.19046278857456,324.30362191751703,313.651622688598,316.9722900390625,1693418.0,NAM-INDIA.NS,306.0923592703683,297.1130004882813,319.5598449707031
2021-06-02,316.54103825186786,324.0879976107339,315.46290120060127,321.0692138671875,1328413.0,NAM-INDIA.NS,308.6367623465402,298.4657043457031,316.9722900390625
2021-06-03,324.3898669848821,325.079864138669,315.89414213014686,317.4035339355469,730311.0,NAM-INDIA.NS,311.0271432059152,299.6243398030599,321.0692138671875
2021-06-04,319.12857431928217,320.7673374095535,314.90228224804366,318.8266906738281,539384.0,NAM-INDIA.NS,313.5099356515067,300.8893544514974,317.4035339355469
2021-06-07,320.0772759502393,332.49740730103514,318.1366296041243,325.16607666015625,2818782.0,NAM-INDIA.NS,317.1016627720424,302.36424458821614,318.8266906738281
2021-06-08,325.1661361986052,329.3493132416286,319.1716836365535,324.1742553710937,1028562.0,NAM-INDIA.NS,320.45312935965404,303.6623199462891,325.16607666015625
2021-06-09,326.20114567615514,331.33306207278736,318.26604671977174,321.5004577636719,1384607.0,NAM-INDIA.NS,320.73035975864957,304.5852060953776,324.1742553710937
2021-06-10,325.21596861917214,335.7068063165648,322.0687119740384,330.1991271972656,1848357.0,NAM-INDIA.NS,322.61990792410717,305.7764841715495,321.5004577636719
2021-06-11,331.99130566914874,332.2098647907216,323.51120108029033,325.2159729003906,1037342.0,NAM-INDIA.NS,323.2123020717076,306.7657196044922,330.1991271972656
2021-06-14,325.21595733355065,326.00276479763534,317.3041281831547,324.7788391113281,719090.0,NAM-INDIA.NS,324.2659170968192,307.7676981608073,325.2159729003906
2021-06-15,325.0848466375412,327.2267100467325,323.0303855343565,325.30340576171875,564582.0,NAM-INDIA.NS,325.191162109375,308.8748504638672,324.7788391113281
2021-06-16,326.04647035406714,326.04647035406714,318.3969019877457,320.75732421875,1178876.0,NAM-INDIA.NS,324.56134033203125,309.7887786865234,325.30340576171875
2021-06-17,320.4076849624594,320.4076849624594,313.3263638060904,315.24969482421875,933350.0,NAM-INDIA.NS,323.2864031110491,310.54786783854166,320.75732421875
2021-06-18,315.7742590115724,317.041886027335,306.07022777152764,311.403076171875,656121.0,NAM-INDIA.NS,321.8439200265067,310.99329630533856,315.24969482421875
2021-06-21,307.6875027928012,312.3209449075627,306.07016016345267,311.2718505859375,496004.0,NAM-INDIA.NS,319.1400233677455,311.28485005696615,311.403076171875
2021-06-22,313.8508598888971,317.04181733458194,311.75269791636305,312.93292236328125,1020293.0,NAM-INDIA.NS,317.3853018624442,311.64183654785154,311.2718505859375
2021-06-23,313.8508794228042,315.5993522886694,308.6054608252086,313.5011901855469,853784.0,NAM-INDIA.NS,315.77420915876115,312.0493896484375,312.93292236328125
2021-06-24,314.28797876122866,315.5119043579022,308.56174114130414,313.8071594238281,907165.0,NAM-INDIA.NS,314.1318882533482,312.59364318847656,313.5011901855469
2021-06-25,316.73580927109475,319.4459472093368,310.7910129442721,316.6484069824219,1100323.0,NAM-INDIA.NS,313.5449000767299,313.3260437011719,313.8071594238281
2021-06-28,316.6484375555176,324.7788254756751,315.5993431943976,321.8501281738281,1141826.0,NAM-INDIA.NS,314.4878191266741,314.09526977539065,316.6484069824219
2021-06-29,323.467462347305,325.4781953603358,316.9543906092919,320.75732421875,1049386.0,NAM-INDIA.NS,315.8241402762277,314.73606770833334,321.8501281738281
2021-06-30,321.50044151317184,325.2159462757306,319.31485047637256,320.1453857421875,992389.0,NAM-INDIA.NS,317.091788155692,315.2946543375651,320.75732421875
2021-07-01,322.59325570576885,326.8770090499566,319.970546309787,324.9537048339844,715152.0,NAM-INDIA.NS,318.80904279436385,316.0738952636719,320.1453857421875
2021-07-02,324.8224878239842,327.8386137422427,321.8938175515466,325.915283203125,600705.0,NAM-INDIA.NS,320.58248465401783,316.84925130208336,324.9537048339844
2021-07-05,329.8493755356704,329.8493755356704,321.7189878726754,328.3631896972656,593616.0,NAM-INDIA.NS,322.6619175502232,317.6860778808594,325.915283203125
2021-07-06,329.41225061614017,333.43374321830987,323.55488299695025,324.735107421875,1092811.0,NAM-INDIA.NS,323.8171604701451,318.48821919759115,328.3631896972656
2021-07-07,324.73511408023774,329.5871153182647,321.7189878968737,328.4068908691406,756658.0,NAM-INDIA.NS,324.7538408551897,319.3868774414062,324.735107421875
2021-07-08,328.4069225583058,342.3510048391163,326.35246153078486,330.1116943359375,3776801.0,NAM-INDIA.NS,326.0901794433594,320.3898010253906,328.4068908691406
2021-07-09,330.4613608376249,331.204467117223,325.34707253636515,330.3302307128906,665927.0,NAM-INDIA.NS,327.545157296317,321.37700907389325,330.1116943359375
2021-07-12,331.3355914416396,334.4391199508584,326.96440949649923,332.734375,889233.0,NAM-INDIA.NS,328.6566816057478,321.8161600748698,330.3302307128906
2021-07-13,334.5702918004239,335.4445282287714,329.893121572849,332.3409729003906,483270.0,NAM-INDIA.NS,329.5746372767857,322.3284495035807,332.734375
2021-07-14,331.2481848737736,342.6132586999176,331.20448372319703,337.630126953125,1513555.0,NAM-INDIA.NS,330.8984854561942,322.88047993977864,332.3409729003906
2021-07-15,339.553411050503,350.56879498185845,336.056465464649,346.50360107421875,2713384.0,NAM-INDIA.NS,334.0082702636719,323.85048217773436,337.630126953125
2021-07-16,348.2083673582827,384.0957896380267,347.24672860695955,365.9553833007813,13005295.0,NAM-INDIA.NS,339.3723406110491,325.4214385986328,346.50360107421875
2021-07-19,361.9339365777956,367.9661635181757,350.1317429937371,354.3717956542969,3060902.0,NAM-INDIA.NS,342.8380693708147,326.39496256510415,365.9553833007813
2021-07-20,355.63940325260467,369.5397851700123,345.1485650837422,347.85870361328125,4010617.0,NAM-INDIA.NS,345.3421369280134,327.1844441731771,354.3717956542969
2021-07-22,354.06574918465645,354.1968793114018,345.36708615631323,347.5964050292969,1150652.0,NAM-INDIA.NS,347.4652840750558,328.05430908203124,347.85870361328125
2021-07-23,349.69460393007154,361.9776162212829,348.60180829279005,351.2245178222656,2350609.0,NAM-INDIA.NS,350.1629333496094,328.7551554361979,347.5964050292969
2021-07-26,350.7437113380885,357.7813048296738,346.19767064765017,347.33416748046875,1234325.0,NAM-INDIA.NS,351.5492248535156,329.4924285888672,351.2245178222656
2021-07-27,350.5687668384157,352.3172394909764,338.06719804443696,340.64617919921875,1119637.0,NAM-INDIA.NS,350.7124502999442,330.02133992513023,347.33416748046875
2021-07-28,339.20373768030663,351.00592958413176,337.4552648056659,347.8149719238281,1739865.0,NAM-INDIA.NS,348.1209629603795,330.7717254638672,340.64617919921875
2021-07-29,349.25745470376586,352.62327030403577,342.8755394198089,350.3502502441406,928318.0,NAM-INDIA.NS,347.5464564732143,331.75815633138023,347.8149719238281
2021-07-30,350.35026069933195,355.2459902022254,346.984444998619,348.90777587890625,1526596.0,NAM-INDIA.NS,347.69632393973217,332.8800923665365,350.3502502441406
2021-08-02,353.23520802389,354.6339916048573,347.9460884566192,350.04425048828125,1153460.0,NAM-INDIA.NS,348.04601614815846,334.1681315104167,348.90777587890625
2021-08-03,351.7052969111623,354.9399822985219,347.9460910217037,353.4974975585937,1034088.0,NAM-INDIA.NS,348.3707275390625,335.5756530761719,350.04425048828125
2021-08-04,354.94000425254126,359.7483048027604,350.96223901464634,357.6064147949219,1612688.0,NAM-INDIA.NS,349.8381914411272,337.0647694905599,353.4974975585937
2021-08-05,361.0159226595785,361.0596238066105,348.5143264570756,351.3993225097656,1407506.0,NAM-INDIA.NS,351.37435477120533,338.3280405680338,357.6064147949219
2021-08-06,352.7106934089909,353.4975008490412,346.2413225740532,347.5964050292969,821132.0,NAM-INDIA.NS,351.3431309291295,339.4543487548828,351.3993225097656
2021-08-09,347.94609761111826,349.6071414849039,339.6845527120882,341.6953125,1096408.0,NAM-INDIA.NS,350.1067112513951,340.28924560546875,347.5964050292969
2021-08-10,343.3126414926723,345.32337452058147,333.6086122145329,338.810302734375,1568368.0,NAM-INDIA.NS,348.6642150878906,340.854584757487,341.6953125
2021-08-11,340.07797189172163,342.00130271306926,327.05185439682333,334.0457458496094,969190.0,NAM-INDIA.NS,346.3787144252232,341.2975321451823,338.810302734375
2021-08-12,334.83252805465247,338.4169024898473,334.00199283542776,335.9690246582031,890815.0,NAM-INDIA.NS,343.87464686802457,341.8249867757161,334.0457458496094
2021-08-13,336.581065266061,340.6899876437391,334.4391750879897,335.1385803222656,1479607.0,NAM-INDIA.NS,340.66495622907365,342.16448262532555,335.9690246582031
2021-08-16,334.4391425736597,340.9085136337435,332.559539546021,337.630126953125,1483423.0,NAM-INDIA.NS,338.6979282924107,342.5549774169922,335.1385803222656
2021-08-17,337.89243807978204,350.30660818430067,337.63017777768533,346.8096618652344,2252224.0,NAM-INDIA.NS,338.58553641183033,343.16985982259115,337.630126953125
2021-08-18,349.60714534257176,357.99982046221714,343.74977723042434,346.98443603515625,3979381.0,NAM-INDIA.NS,339.34112548828125,343.9115041097005,346.8096618652344
2021-08-20,344.9299673484835,350.08798354785466,336.6247213943763,341.6078796386719,1030982.0,NAM-INDIA.NS,339.7407793317522,344.3515370686849,346.98443603515625
2021-08-23,342.0450350985497,347.6838712691314,335.31340328867554,340.1217041015625,944656.0,NAM-INDIA.NS,340.6087733677455,344.6852040608724,341.6078796386719
2021-08-24,340.95223397609493,351.7490600545874,338.3295244839711,349.3886108398437,1467041.0,NAM-INDIA.NS,342.5258571079799,345.3204833984375,340.1217041015625
2021-08-25,352.2736011999462,359.0926350897701,346.72219420165635,351.7927551269531,2356206.0,NAM-INDIA.NS,344.90502493722096,345.9557627360026,349.3886108398437
2021-08-26,354.3279894015073,364.8188258211472,352.79807575697646,356.5135803222656,2342375.0,NAM-INDIA.NS,347.6026611328125,346.7615163167318,351.7927551269531
2021-08-27,354.10947334074507,361.0159628332779,352.4047282231393,358.5243835449219,1040740.0,NAM-INDIA.NS,349.2761928013393,347.45799153645834,356.5135803222656
2021-08-30,360.9722560387829,371.0259760819145,355.98912385124044,367.7475891113281,2139940.0,NAM-INDIA.NS,352.2423575265067,348.16612447102864,358.5243835449219
2021-08-31,367.7475152782012,374.1294566407146,364.99367611171664,370.7636413574219,1367796.0,NAM-INDIA.NS,356.40746634347096,348.32639973958334,367.7475891113281
2021-09-01,370.6762512019063,371.1570705729074,354.19688894345296,355.5519714355469,2034555.0,NAM-INDIA.NS,358.6117902483259,348.36573893229166,370.7636413574219
2021-09-02,352.404748379823,364.6440597234467,352.404748379823,360.88482666015625,1135902.0,NAM-INDIA.NS,360.2541067940848,348.79994303385416,355.5519714355469
2021-09-03,363.9883403128672,368.4906525586287,359.2237411322706,366.5236206054688,965590.0,NAM-INDIA.NS,362.35851614815846,349.43085021972655,360.88482666015625
2021-09-06,369.36485967781033,379.0251607206303,367.048138674918,368.3157653808594,2497387.0,NAM-INDIA.NS,364.04454258510043,350.0005584716797,366.5236206054688
2021-09-07,368.49061475481307,371.41931180942,363.2014956063192,367.1792602539063,719061.0,NAM-INDIA.NS,365.2809535435268,350.6620615641276,368.3157653808594
2021-09-08,367.9661008030756,383.7897852103045,361.5841856616148,380.9922180175781,3205859.0,NAM-INDIA.NS,367.1730433872768,352.0069295247396,367.1792602539063
2021-09-09,384.5765802888184,393.9309202768226,381.5167529424066,384.882568359375,5644611.0,NAM-INDIA.NS,369.1900329589844,353.2425160725912,380.9922180175781
2021-09-13,385.2322706089521,386.2813649778985,373.2989488901815,381.866455078125,1694534.0,NAM-INDIA.NS,372.9492449079241,354.293056233724,384.882568359375
2021-09-14,384.62032565561,386.7184877386308,379.6808685132012,382.784423828125,916597.0,NAM-INDIA.NS,376.0777587890625,355.4222778320312,381.866455078125
2021-09-15,383.7898039128895,390.2154471958663,376.40249519307616,385.7568359375,1742079.0,NAM-INDIA.NS,378.8253609793527,356.6126973470052,382.784423828125
2021-09-16,387.4616344408121,391.3082697740825,380.292884340041,385.625732421875,1128275.0,NAM-INDIA.NS,381.29821341378346,357.6836385091146,385.7568359375
2021-09-17,386.4561942507874,389.1226313082208,373.9983254120874,384.3143310546875,1720375.0,NAM-INDIA.NS,383.74608067103793,358.5739023844401,385.625732421875
2021-09-20,382.0412999645437,384.2268909254393,375.92164527403617,379.7682800292969,1153389.0,NAM-INDIA.NS,383.5712323869978,359.5195343017578,384.3143310546875
2021-09-21,376.44625415673926,379.6372121468703,367.2230427819218,375.5282897949219,1045547.0,NAM-INDIA.NS,382.2349068777902,360.4505971272786,379.7682800292969
2021-09-22,378.806611425055,382.7844029475504,375.52822501180015,380.4676818847656,498248.0,NAM-INDIA.NS,382.0350821358817,361.7430094401042,375.5282897949219
2021-09-23,382.9155615516059,397.1656048827222,382.9155615516059,388.1172790527344,2364420.0,NAM-INDIA.NS,382.7969185965402,363.38657531738284,380.4676818847656
2021-09-24,392.0950244245262,392.31358352398246,376.48989938743387,382.4347229003906,1421046.0,NAM-INDIA.NS,382.3223310198103,364.9995412190755,388.1172790527344
2021-09-27,385.8879636048408,385.8879636048408,371.06967178851534,382.2161865234375,1237119.0,NAM-INDIA.NS,381.8352530343192,366.54111328125,382.4347229003906
2021-09-28,380.9922074838959,384.2705939411791,375.0474107131868,377.1893005371094,1033921.0,NAM-INDIA.NS,380.817391531808,367.94280395507815,382.2161865234375
2021-09-29,371.5504690097746,379.41859658880514,368.5343427659819,377.3204345703125,614132.0,NAM-INDIA.NS,380.4676993233817,369.26581420898435,377.1893005371094
2021-09-30,375.9217007994551,379.5935048279334,370.3702936028957,371.85650634765625,954859.0,NAM-INDIA.NS,379.9431588309152,370.1007090250651,377.3204345703125
2021-10-01,371.4630752365166,389.7346123434433,369.1463538990578,385.2322998046875,2107618.0,NAM-INDIA.NS,380.62381853376115,371.3756378173828,371.85650634765625
2021-10-04,385.5382624504881,394.2806266783903,379.9868558298545,392.1824645996094,1735065.0,NAM-INDIA.NS,381.2045593261719,373.06145731608075,385.2322998046875
2021-10-05,392.9692909423693,406.08283791486207,388.72923875201394,391.8764953613281,2337401.0,NAM-INDIA.NS,382.55338396344865,374.7866170247396,392.1824645996094
2021-10-06,393.5812601729899,396.3788008031893,383.6149433066407,387.4178771972656,860760.0,NAM-INDIA.NS,383.2964826311384,376.05425923665365,391.8764953613281
2021-10-07,389.2101135426303,393.18787907938287,387.4179126496946,389.2538146972656,516379.0,NAM-INDIA.NS,385.01998465401783,377.30296122233074,387.4178771972656
2021-10-08,389.29748654556266,401.27453676798575,388.94779729605983,391.04595947265625,1133070.0,NAM-INDIA.NS,386.98077392578125,378.45404052734375,389.2538146972656
2021-10-11,393.4063798082955,396.9033254065915,384.8388737643015,388.5106506347656,1012771.0,NAM-INDIA.NS,389.3599373953683,379.4535827636719,391.04595947265625
2021-10-12,390.7836777827002,396.4662144842383,382.0413136264877,393.0129699707031,2900148.0,NAM-INDIA.NS,390.4714617047991,380.29576212565104,388.5106506347656
2021-10-13,394.6302801805104,396.7721698942443,384.75142016927566,386.1064758300781,436152.0,NAM-INDIA.NS,389.6034633091518,380.80718994140625,393.0129699707031
2021-10-14,389.38485229187233,394.54284125322704,384.882540571696,392.6195373535156,1162197.0,NAM-INDIA.NS,389.70961216517856,382.0427754720052,386.1064758300781
2021-10-18,394.3680919223296,405.6457374774902,390.3902998250928,394.89263916015625,1464039.0,NAM-INDIA.NS,390.7774353027344,383.17636922200523,392.6195373535156
2021-10-19,397.2967741564743,416.52997648161926,386.6310785588802,400.48773193359375,3137503.0,NAM-INDIA.NS,392.3822806222098,384.308506266276,394.89263916015625
2021-10-20,401.0996186426789,411.50305234214295,389.3848571241599,403.066650390625,1455498.0,NAM-INDIA.NS,394.09952218191967,385.4668690999349,400.48773193359375
2021-10-21,407.9623874321408,407.9623874321408,395.1548302392828,399.00146484375,1388366.0,NAM-INDIA.NS,395.5982099260603,386.52760925292966,403.066650390625
2021-10-22,401.2745379877633,405.9954095693505,387.4616124935676,392.79443359375,774493.0,NAM-INDIA.NS,395.5669904436384,386.9210164388021,399.00146484375
2021-10-25,394.1932073351063,394.1932073351063,373.34266280601264,378.71923828125,769813.0,NAM-INDIA.NS,394.5116707938058,386.7155721028646,392.79443359375
2021-10-26,371.5505099717662,386.4125303706369,371.5505099717662,376.7522277832031,985787.0,NAM-INDIA.NS,392.24491228376115,386.54509785970055,378.71923828125
2021-10-27,382.8719201603871,386.6748279325448,372.9493296601936,380.3803405761719,1385616.0,NAM-INDIA.NS,390.1717267717634,386.4649617513021,376.7522277832031
2021-10-28,382.0413116983145,385.97537554875487,362.8081106517175,364.6440124511719,1341264.0,NAM-INDIA.NS,385.0511954171317,385.7612009684245,380.3803405761719
2021-10-29,362.1087405519138,375.0474290645952,358.7866261048998,365.73681640625,639366.0,NAM-INDIA.NS,379.7183619907924,385.098237101237,364.6440124511719
2021-11-01,367.1356257164282,371.9001985930544,365.2122947609953,369.8894653320313,374409.0,NAM-INDIA.NS,375.5595049176897,384.6174082438151,365.73681640625
2021-11-02,369.7583001768932,373.1240890107802,366.3050556865374,368.9714660644531,540335.0,NAM-INDIA.NS,372.1562238420759,384.25751444498695,369.8894653320313
2021-11-03,369.7582851793344,372.42469544909926,367.266706176682,369.3211669921875,462496.0,NAM-INDIA.NS,370.8136422293527,384.0506103515625,368.9714660644531
2021-11-04,370.5013855773423,372.46841753005737,369.714578132172,371.6379089355469,95607.0,NAM-INDIA.NS,370.08302525111606,383.75628458658855,369.3211669921875
2021-11-08,373.5331559284368,377.4117249106662,370.2275527786277,375.8691101074219,328004.0,NAM-INDIA.NS,369.43856375558033,383.34801228841144,371.6379089355469
2021-11-09,378.1609897559431,384.3314487962498,375.5605712571015,379.0865478515625,493004.0,NAM-INDIA.NS,371.5017830984933,383.2364064534505,375.8691101074219
2021-11-10,376.39800243639866,380.5410357060784,374.4146405968626,376.04541015625,240269.0,NAM-INDIA.NS,372.9744393484933,383.0307139078776,379.0865478515625
2021-11-11,377.2794700633956,377.67615316384143,368.5526839631702,370.8445739746094,332792.0,NAM-INDIA.NS,373.1108834402902,382.81922302246096,376.04541015625
2021-11-12,374.5909519615639,374.5909519615639,367.6271266155805,372.2109069824219,398907.0,NAM-INDIA.NS,373.5736607142857,382.64890543619794,370.8445739746094
2021-11-15,375.9131558581696,375.9131558581696,367.1422791258304,368.0237731933594,317413.0,NAM-INDIA.NS,373.38831874302457,382.521147664388,372.2109069824219
2021-11-16,370.3597122107095,373.48903216533694,366.7015173576665,368.72894287109375,298883.0,NAM-INDIA.NS,372.9727521623884,381.9710357666016,368.0237731933594
2021-11-17,369.3459987830825,372.4312278898624,366.7015166915568,369.5223083496094,263950.0,NAM-INDIA.NS,372.0660661969866,381.2156972249349,368.72894287109375
2021-11-18,370.2275309180097,371.46161730752334,353.4350786689406,355.5506591796875,456060.0,NAM-INDIA.NS,368.70379638671875,380.0048360188802,369.5223083496094
2021-11-22,358.6799440327435,358.6799440327435,337.9648326756423,341.97564697265625,523851.0,NAM-INDIA.NS,363.83668736049106,378.49009501139324,355.5506591796875
2021-11-23,342.5926777217807,349.73278533569027,336.46630984708764,347.7934875488281,269216.0,NAM-INDIA.NS,360.5436750139509,377.1080841064453,341.97564697265625
2021-11-24,347.7934363917405,352.0246236040548,342.1518803430493,344.57598876953125,272202.0,NAM-INDIA.NS,356.59582955496654,375.5590850830078,347.7934875488281
2021-11-25,344.399732931416,345.10491740451204,339.5515157009567,342.3282165527344,344458.0,NAM-INDIA.NS,352.92503574916293,374.01967061360676,344.57598876953125
2021-11-26,338.0529753301502,341.6230155477875,330.5602757465615,331.7062072753906,597531.0,NAM-INDIA.NS,347.63607352120533,371.9761118570963,342.3282165527344
2021-11-29,331.3536465469291,331.3536465469291,318.0430794638697,325.3594970703125,259434.0,NAM-INDIA.NS,341.3271004813058,369.9512125651042,331.7062072753906
2021-11-30,325.35946539651883,331.44176907648625,321.17236857972813,322.8912658691406,348497.0,NAM-INDIA.NS,336.6614728655134,367.62693684895834,325.3594970703125
2021-12-01,325.18316667087703,333.9099528420487,321.87756381050406,328.48876953125,777897.0,NAM-INDIA.NS,334.73477608816967,365.41347452799477,322.8912658691406
2021-12-02,326.5053981715932,329.7669369912566,323.9490707486196,326.4613342285156,597004.0,NAM-INDIA.NS,331.6873256138393,362.9459279378255,328.48876953125
2021-12-03,327.9157893158063,330.7365810595936,321.74533091470244,322.8471984863281,772506.0,NAM-INDIA.NS,328.58321271623885,360.2719462076823,326.4613342285156
2021-12-06,325.2713468015109,327.9158292958321,318.3075482800117,320.15869140625,1053135.0,NAM-INDIA.NS,325.4161376953125,357.64385375976565,322.8471984863281
2021-12-07,321.7013244628906,323.50837684286614,319.4534980744312,321.7013244628906,917859.0,NAM-INDIA.NS,323.9868687220982,355.2740834554036,320.15869140625
2021-12-08,325.88839019294784,329.8551137727324,321.74535702696875,328.04803466796875,1124174.0,NAM-INDIA.NS,324.3709455217634,353.5850433349609,321.7013244628906
2021-12-09,329.6788235099657,338.0970821733894,325.31541655602445,328.7532653808594,1873007.0,NAM-INDIA.NS,325.2083740234375,351.9850779215495,328.04803466796875
2021-12-10,330.47214003306124,332.1029095344121,325.40354884574106,326.902099609375,702489.0,NAM-INDIA.NS,324.98170689174106,350.2024698893229,328.7532653808594
2021-12-13,329.6788504565391,329.6788504565391,321.348719009442,322.9354248046875,566836.0,NAM-INDIA.NS,324.4780055454799,348.8121836344401,326.902099609375
2021-12-14,322.9353554330268,322.9353554330268,315.7952481409052,317.07342529296875,945804.0,NAM-INDIA.NS,323.65318080357144,347.1900705973307,322.9354248046875
2021-12-15,318.57196015722167,319.2330807276508,312.13706403213774,313.0626220703125,753087.0,NAM-INDIA.NS,322.6394566127232,345.29584248860675,317.07342529296875
2021-12-16,313.0626090717436,318.219354687192,301.6472771702789,304.6884155273437,2199642.0,NAM-INDIA.NS,320.2090410505022,343.1530741373698,313.0626220703125
2021-12-17,304.29178535811405,305.43771697015865,293.8019836584881,295.5649719238281,1278244.0,NAM-INDIA.NS,315.568603515625,340.6945343017578,304.6884155273437
2021-12-20,292.347528135112,292.347528135112,279.16920679330315,282.6510925292969,1846903.0,NAM-INDIA.NS,308.98257882254467,337.7283070882161,295.5649719238281
2021-12-21,284.1055473808468,292.08308539917334,282.9596157721026,288.645263671875,856357.0,NAM-INDIA.NS,303.51731654575894,334.8208455403646,282.6510925292969
2021-12-22,288.24855636217893,292.47971707129005,286.39741346404395,290.62860107421875,667774.0,NAM-INDIA.NS,298.9020560128348,331.87224731445315,288.645263671875
2021-12-23,294.15459507450873,298.1213185669072,290.8930561092216,296.3142395019531,707866.0,NAM-INDIA.NS,295.9364580426897,329.21454162597655,290.62860107421875
2021-12-24,297.1075832463641,299.57578293015445,291.6863997728708,297.7246398925781,737599.0,NAM-INDIA.NS,293.7453177315848,326.77721048990884,296.3142395019531
2021-12-27,292.92046820236976,299.44354583012654,292.92046820236976,298.3857421875,401338.0,NAM-INDIA.NS,292.84493582589283,324.3163716634115,297.7246398925781
2021-12-28,299.26726336925736,309.27222733339136,298.82651629507586,303.8510437011719,815001.0,NAM-INDIA.NS,294.0286603655134,322.1772806803385,298.3857421875
2021-12-29,305.34956838193864,306.1869985854197,299.7961659936888,304.1595458984375,511119.0,NAM-INDIA.NS,297.1012965611049,320.02496744791665,303.8510437011719
2021-12-30,304.9087768850849,308.08216074507504,301.162427290903,305.129150390625,598283.0,NAM-INDIA.NS,299.45613752092635,317.87852884928384,304.1595458984375
2021-12-31,306.7599592381959,312.0489240526476,305.8344011560933,310.1537170410156,513646.0,NAM-INDIA.NS,302.2454398018973,316.36529744466145,305.129150390625
2022-01-03,312.66597977731027,313.811911389937,308.65516533098463,313.1948547363281,461338.0,NAM-INDIA.NS,304.6569562639509,315.40593770345055,310.1537170410156
2022-01-04,313.1948330375795,314.9578211816719,311.34371700713393,313.8118896484375,259568.0,NAM-INDIA.NS,306.9551348005022,314.2732177734375,313.1948547363281
2022-01-05,315.222268749238,317.1615394637789,312.18110360228286,312.8422241210937,528171.0,NAM-INDIA.NS,309.02034650530135,313.2154256184896,313.8118896484375
2022-01-06,311.431869122386,313.9882236510515,303.1017656341195,312.930419921875,638487.0,NAM-INDIA.NS,310.31740025111606,312.2354990641276,312.8422241210937
2022-01-07,311.34377512538344,316.05974777030525,310.9030280070865,311.8726501464844,509948.0,NAM-INDIA.NS,311.41927228655135,311.5743804931641,312.930419921875
2022-01-10,314.6934038800765,321.7453569082015,313.3270987413037,319.23309326171875,867006.0,NAM-INDIA.NS,313.43412126813615,311.3701670328776,311.8726501464844
2022-01-11,321.21644574359874,327.60727799016195,317.51418665174606,326.0205993652344,1099730.0,NAM-INDIA.NS,315.70081874302457,311.47447814941404,319.23309326171875
2022-01-12,326.19687330334244,327.82764273035434,321.74533896304666,326.5054016113281,620809.0,NAM-INDIA.NS,317.6023254394531,311.4083658854167,326.0205993652344
2022-01-13,327.0342858920041,330.42804329562426,323.023498806584,325.22723388671875,865436.0,NAM-INDIA.NS,319.2330889020647,311.3672292073568,326.5054016113281
2022-01-14,324.8305742458605,331.0450968597448,322.23015590327634,325.18316650390625,878452.0,NAM-INDIA.NS,320.99608067103793,311.4450948079427,325.22723388671875
2022-01-17,326.37322575042384,328.40065163881764,323.5524335655501,323.8609619140625,259241.0,NAM-INDIA.NS,322.5575866699219,311.56850382486977,325.18316650390625
2022-01-18,326.24096595083233,326.24096595083233,311.2114756742058,313.0185546875,307047.0,NAM-INDIA.NS,322.7212873186384,311.2790781656901,323.8609619140625
2022-01-19,312.66597643062875,318.5279069729046,309.00775429649354,317.5582580566406,456472.0,NAM-INDIA.NS,322.4820251464844,310.9294189453125,313.0185546875
2022-01-20,319.1008727730851,322.40647573689466,313.06263264564643,317.5582580566406,584746.0,NAM-INDIA.NS,321.2731192452567,310.55625203450523,317.5582580566406
2022-01-21,317.3378521092726,319.3212136849555,312.9303819410882,315.8833923339844,499930.0,NAM-INDIA.NS,319.7556893484933,310.1889617919922,317.5582580566406
2022-01-24,315.5748910893335,315.5748910893335,292.0389876135856,294.1105041503906,666910.0,NAM-INDIA.NS,315.31044224330356,309.22813110351564,315.8833923339844
2022-01-25,289.1300256947195,305.3054456221821,286.97035468139234,293.4493408203125,1433924.0,NAM-INDIA.NS,310.77703857421875,308.44066162109374,294.1105041503906
2022-01-27,290.8930371096203,294.15457586188086,280.2710445452853,285.9566650390625,765961.0,NAM-INDIA.NS,305.3621390206473,307.53712972005206,293.4493408203125
2022-01-28,285.2514799169808,299.3112938717118,283.97330278424914,296.4023742675781,1081047.0,NAM-INDIA.NS,302.98839896065846,307.26092834472655,285.9566650390625
2022-01-31,297.0635313786447,304.1154846457935,295.38869785791024,302.7932434082031,462288.0,NAM-INDIA.NS,300.87911115373885,307.5018707275391,296.4023742675781
2022-02-01,306.7599855460264,310.72670949705264,298.2976357369568,304.3358764648437,443334.0,NAM-INDIA.NS,298.99019949776783,308.224696858724,302.7932434082031
2022-02-02,305.0851180224898,309.97739959134594,304.99696323093826,308.6992492675781,330373.0,NAM-INDIA.NS,297.9638933454241,308.8931630452474,304.3358764648437
2022-02-03,308.6992807672612,309.71299372087924,301.77954589089205,305.7021789550781,520144.0,NAM-INDIA.NS,299.6198468889509,309.39561564127604,308.6992492675781
2022-02-04,302.88139209896326,306.186995126307,300.23690967708825,305.21734619140625,496130.0,NAM-INDIA.NS,301.30099051339283,309.6923858642578,305.7021789550781
2022-02-07,304.1595333411549,304.1595333411549,291.0693672662719,292.479736328125,385772.0,NAM-INDIA.NS,302.2328578404018,309.51755574544273,305.21734619140625
2022-02-08,293.05274746417166,293.05274746417166,284.85483554568555,289.6148986816406,681992.0,NAM-INDIA.NS,301.26321847098217,309.2251942952474,292.479736328125
2022-02-09,289.9234010659547,294.19865278628293,287.36707358300595,293.22900390625,518306.0,NAM-INDIA.NS,299.8968985421317,308.8711263020833,289.6148986816406
2022-02-10,295.30054592757955,295.30054592757955,289.30639635276,293.7138671875,496917.0,NAM-INDIA.NS,298.3794686453683,308.52293701171874,293.22900390625
2022-02-11,291.77451168184285,293.4052809490988,287.0585134390992,291.5541381835937,398441.0,NAM-INDIA.NS,295.930167061942,308.0704366048177,293.7138671875
2022-02-14,282.9596068184331,284.54628544203564,277.7147061496903,280.31512451171875,861790.0,NAM-INDIA.NS,292.3034449986049,307.07581685384116,291.5541381835937
2022-02-15,281.81371315326226,288.9097308703522,275.4669440030055,287.2789611816406,626604.0,NAM-INDIA.NS,289.7408185686384,306.2119537353516,280.31512451171875
2022-02-16,288.3367290712516,290.2319360295764,280.4914368640289,283.3562927246094,528703.0,NAM-INDIA.NS,288.4374694824219,305.19676717122394,287.2789611816406
2022-02-17,284.63443686476074,286.1329875812612,278.5521330114949,282.47479248046875,477820.0,NAM-INDIA.NS,287.4174543108259,304.1845194498698,283.3562927246094
2022-02-18,280.05069130678777,281.9899622206086,275.0261640870784,276.2161865234375,402585.0,NAM-INDIA.NS,284.987051827567,302.96071166992186,282.47479248046875
2022-02-21,275.9076561918602,276.5687767737896,266.2552849352652,267.9301452636719,449282.0,NAM-INDIA.NS,281.3036629813058,301.49596150716144,276.2161865234375
2022-02-22,260.9222640135972,279.91845186632275,260.9222640135972,278.1995544433594,1042912.0,NAM-INDIA.NS,279.3958653041295,300.1281768798828,267.9301452636719
2022-02-23,278.68435131181093,282.0781089402108,273.7039150810483,274.76171875,484379.0,NAM-INDIA.NS,278.60252162388394,298.41954752604164,278.1995544433594
2022-02-24,264.8449295567273,279.8743941348825,264.4041824793495,273.5717163085937,1392369.0,NAM-INDIA.NS,276.6443437848772,296.65509134928385,274.76171875
2022-02-25,276.78917874804216,278.0232652475969,270.6627832987649,272.6020812988281,1100309.0,NAM-INDIA.NS,275.10802786690846,294.9009195963542,273.5717163085937
2022-02-28,270.6186680732382,273.0427766634708,262.72928571914696,271.3238525390625,662482.0,NAM-INDIA.NS,273.5150364467076,293.10560913085936,272.6020812988281
2022-03-02,270.17794537487043,273.88023140633885,267.3571534555549,271.54425048828125,481251.0,NAM-INDIA.NS,272.84761701311385,291.36171875,271.3238525390625
2022-03-03,274.10058907970506,275.73133157200937,270.17792974709494,270.83905029296875,411642.0,NAM-INDIA.NS,273.263174874442,289.9557352701823,271.54425048828125
2022-03-04,269.95759304855426,269.95759304855426,262.3326737598045,264.00750732421875,383034.0,NAM-INDIA.NS,271.2357395717076,288.17071024576825,270.83905029296875
2022-03-07,261.8037709149194,261.8037709149194,250.16803700271825,255.3247833251953,601352.0,NAM-INDIA.NS,268.45903451102123,286.0962610880534,264.00750732421875
2022-03-08,256.69107261971544,261.8037272397294,252.10729289751723,259.4677734375,433336.0,NAM-INDIA.NS,266.44418552943637,284.21574045817056,255.3247833251953
2022-03-09,260.9222630494881,272.20537717768826,259.73224059117763,270.2220153808594,869903.0,NAM-INDIA.NS,266.10417611258373,283.4194574991862,259.4677734375
2022-03-10,276.78914512876395,278.3758237353182,270.97127873629034,273.9683532714844,651202.0,NAM-INDIA.NS,266.48196193150113,282.7700912475586,270.2220153808594
2022-03-11,275.81952001888254,279.4336514909345,271.940951056635,274.98211669921875,661661.0,NAM-INDIA.NS,266.97308567592074,282.4042729695638,273.9683532714844
2022-03-14,274.98212990916034,287.2789580131893,272.42577517615194,283.9292907714844,902657.0,NAM-INDIA.NS,268.8431200299944,281.988503519694,274.98211669921875
2022-03-15,287.1026442964468,287.94004756587566,276.2161865853468,278.419921875,615030.0,NAM-INDIA.NS,270.90203639439176,281.17605946858725,283.9292907714844
2022-03-16,280.7558342025585,301.0742597949407,279.56581194268074,295.91754150390625,1739474.0,NAM-INDIA.NS,276.7010018484933,280.8954483032227,278.419921875
2022-03-17,299.7079920743699,301.0302332158745,293.8901256715368,297.90093994140625,827094.0,NAM-INDIA.NS,282.1914542061942,280.5355046590169,295.91754150390625
2022-03-21,298.8265048437596,303.36619415365084,294.90384527343747,296.88720703125,704291.0,NAM-INDIA.NS,286.00076729910717,280.241672261556,297.90093994140625
2022-03-22,294.1545845780564,298.4739001798825,290.9812005171619,295.12420654296875,332315.0,NAM-INDIA.NS,289.02303205217635,279.90523427327474,296.88720703125
2022-03-23,296.1820068359375,303.58655162662313,295.3005127679734,296.1820068359375,695804.0,NAM-INDIA.NS,292.0515877859933,280.02864329020184,295.12420654296875
2022-03-24,296.6668396094795,300.23690698767115,296.18202859690507,297.7687072753906,603942.0,NAM-INDIA.NS,294.02864728655135,280.3004369099935,296.1820068359375
2022-03-25,299.35543015891363,308.8755565822615,298.56209077381254,304.5121765136719,1045338.0,NAM-INDIA.NS,297.756112234933,280.6765426635742,297.7687072753906
2022-03-28,305.8784641261035,307.2447692717159,301.9998953214324,305.4817810058594,413004.0,NAM-INDIA.NS,299.12243216378346,281.06880645751954,304.5121765136719
2022-03-29,305.87843916201,307.4651177113586,296.2701592774795,299.7520446777344,560035.0,NAM-INDIA.NS,299.38687569754467,281.3420700073242,305.4817810058594
2022-03-30,301.47098401037897,306.0547641183313,299.75205974463057,304.55621337890625,608032.0,NAM-INDIA.NS,300.4824480329241,282.15010630289714,299.7520446777344
2022-03-31,304.996956142557,310.3740754894451,303.9832433159377,306.451416015625,750389.0,NAM-INDIA.NS,302.10062081473217,282.78918813069663,304.55621337890625
2022-04-01,304.5562238302295,305.3495631720053,296.6227766103393,298.0331726074219,803560.0,NAM-INDIA.NS,302.36507306780135,283.2784174601237,306.451416015625
2022-04-04,300.5454533748036,308.91964813895254,299.26727604511166,305.92254638671875,534318.0,NAM-INDIA.NS,303.5299072265625,284.0600092569987,298.0331726074219
2022-04-05,306.75992764853794,314.6493101114185,306.75992764853794,312.8863220214844,637325.0,NAM-INDIA.NS,304.72621372767856,285.28234710693357,305.92254638671875
2022-04-06,309.05185108333825,314.7815629974007,307.55330028384924,308.52294921875,304687.0,NAM-INDIA.NS,305.1606663295201,286.6354405721029,312.8863220214844
2022-04-07,307.6414740547571,308.4789043004336,295.30055532476683,296.8431701660156,599437.0,NAM-INDIA.NS,304.74511282784596,287.2568944295247,308.52294921875
2022-04-08,298.6061093922441,302.13208559170977,295.4327254325124,296.4023742675781,900065.0,NAM-INDIA.NS,303.5802786690848,287.978249613444,296.8431701660156
2022-04-11,296.1820144272452,296.1820144272452,290.40823889452093,292.12713623046875,605164.0,NAM-INDIA.NS,301.53395298549106,288.59676361083984,296.4023742675781
2022-04-12,292.56788418134425,292.56788418134425,284.7225921313136,291.28973388671875,454824.0,NAM-INDIA.NS,300.5706045968192,289.21968536376954,292.12713623046875
2022-04-13,293.3612514760188,294.06646295857377,288.7334070447047,292.65606689453125,510885.0,NAM-INDIA.NS,298.6753932407924,289.9307591756185,291.28973388671875
2022-04-18,289.1300522765368,297.2838723483598,288.7333691882928,292.3034362792969,420737.0,NAM-INDIA.NS,295.73498099190846,290.622732035319,292.65606689453125
2022-04-19,292.6560519227599,293.8019835343202,279.43363993829786,282.3425598144531,314682.0,NAM-INDIA.NS,291.9949253627232,291.00618235270184,292.3034362792969
2022-04-20,283.8411357954168,293.00867020486874,283.13595118740835,286.1330261230469,347769.0,NAM-INDIA.NS,290.46490478515625,291.7436996459961,282.3425598144531
2022-04-21,286.92632742259605,294.7716194742144,286.3092707967451,292.3916015625,318508.0,NAM-INDIA.NS,289.8919372558594,292.97926025390626,286.1330261230469
2022-04-22,289.130073728194,293.8019818420342,287.3670854737538,288.3807983398437,174555.0,NAM-INDIA.NS,289.3567461286272,293.943027750651,292.3916015625
2022-04-25,284.7666571932327,287.32301159464686,277.2739573708953,279.7421569824219,981438.0,NAM-INDIA.NS,287.70709228515625,294.26036580403644,288.3807983398437
2022-04-26,279.52181338415875,294.85980692942184,279.52181338415875,289.65899658203125,2291476.0,NAM-INDIA.NS,287.2789393833705,294.78338724772135,279.7421569824219
2022-04-27,289.1300451452636,289.4385734395032,275.8635706025297,282.60699462890625,1547453.0,NAM-INDIA.NS,285.8937334333147,295.0375498453776,289.65899658203125
2022-04-28,283.8411027234674,291.5982401120056,280.8880920820008,281.9899597167969,1442064.0,NAM-INDIA.NS,285.8433619907924,294.972905476888,282.60699462890625
2022-04-29,284.72260119301075,285.9566875826744,278.0673313373155,278.9928894042969,611381.0,NAM-INDIA.NS,284.8233424595424,294.99200439453125,281.9899597167969
2022-05-02,278.0232571982773,280.2710834834172,273.0428204936192,274.4532165527344,612204.0,NAM-INDIA.NS,282.2607160295759,294.2765268961588,278.9928894042969
2022-05-04,275.02620033646303,277.2299359160821,267.35718975896094,269.12017822265625,402916.0,NAM-INDIA.NS,279.5091988699777,293.3171681722005,274.4532165527344
2022-05-05,271.50020155795784,273.1309711358408,264.4482482707382,265.3297424316406,335392.0,NAM-INDIA.NS,277.45028250558033,292.2652526855469,269.12017822265625
2022-05-06,262.949679012965,263.25820732787696,256.4707189051398,259.379638671875,575625.0,NAM-INDIA.NS,273.1246599469866,291.0737670898437,265.3297424316406
2022-05-09,255.6332717968748,259.8203684900995,251.4021111620415,254.00250244140625,578422.0,NAM-INDIA.NS,269.0383039202009,289.66778361002605,259.379638671875
2022-05-10,254.70769144163785,255.36881191407565,243.11602430404588,244.5705108642578,530609.0,NAM-INDIA.NS,263.69266836983815,287.8945103963216,254.00250244140625
2022-05-11,245.14351378543944,250.82913457113528,244.74683068131569,247.25909423828125,632953.0,NAM-INDIA.NS,259.1592690604074,285.98607432047527,244.5705108642578
2022-05-12,246.81839332272529,251.31401943846035,242.85166914432432,246.86245727539065,611626.0,NAM-INDIA.NS,255.21773202078683,284.03209686279297,247.25909423828125
2022-05-13,251.2258395576997,254.53144270977467,241.61755844254847,242.6312713623047,541076.0,NAM-INDIA.NS,251.43360246930803,282.12807108561196,246.86245727539065
2022-05-16,243.9094271291322,246.509818571752,231.1277627368437,233.63999938964844,1302134.0,NAM-INDIA.NS,246.90649632045202,279.76419728597006,242.6312713623047
2022-05-17,235.4911424507017,244.92314004171268,235.4911424507017,242.85162353515625,777716.0,NAM-INDIA.NS,244.54535130092077,277.64420420328776,233.63999938964844
2022-05-18,244.17385555219047,248.14057883733437,240.25119620978927,243.7331085205078,864834.0,NAM-INDIA.NS,243.0782950265067,275.8342020670573,242.85162353515625
2022-05-19,239.1934368690713,239.1934368690713,228.3069790146094,230.24627685546875,1055765.0,NAM-INDIA.NS,241.03197588239397,273.31165974934896,243.7331085205078
2022-05-20,232.89074728924197,237.38634558783377,232.84665644449103,236.19635009765625,593389.0,NAM-INDIA.NS,239.4515838623047,270.755327351888,230.24627685546875
2022-05-23,237.0337750900681,242.58720445853564,235.4030055080324,238.88491821289065,657325.0,NAM-INDIA.NS,238.3119354248047,268.43405965169273,236.19635009765625
2022-05-24,238.88490162624984,240.51567109505532,235.4911439535606,239.01712036132807,360237.0,NAM-INDIA.NS,237.7956281389509,266.50652465820315,238.88491821289065
2022-05-25,239.76637971294903,240.20712673448023,234.21297800208183,236.10818481445312,531187.0,NAM-INDIA.NS,238.14822605678015,264.49671834309896,239.01712036132807
2022-05-26,236.50484344908057,240.55972146948608,232.09737318800143,239.59007263183597,623930.0,NAM-INDIA.NS,237.68229021344865,262.74548288981117,236.10818481445312
2022-05-27,240.5597468968822,247.43541737156875,240.5597468968822,246.68614196777344,797196.0,NAM-INDIA.NS,238.1041521344866,261.258696492513,239.59007263183597
2022-05-30,248.3168696285664,251.93097349415416,243.777154024753,251.13763427734372,484532.0,NAM-INDIA.NS,241.08863176618303,259.8747487386068,246.68614196777344
2022-05-31,251.0494990670942,254.57547532871664,247.92020589532984,250.3443145751953,403232.0,NAM-INDIA.NS,243.1097695486886,258.47611134847006,251.13763427734372
2022-06-01,248.0524397172877,254.0466158673905,248.0524397172877,249.24246215820312,231283.0,NAM-INDIA.NS,244.58941868373327,257.3727747599284,250.3443145751953
2022-06-02,249.72725084053604,253.3413817857467,247.43538785675372,252.900634765625,393759.0,NAM-INDIA.NS,246.5727778843471,256.26502838134763,249.24246215820312
2022-06-03,253.82622509829105,254.7517830999935,246.81833656746772,249.77134704589844,590369.0,NAM-INDIA.NS,248.524658203125,254.84435323079427,252.900634765625
2022-06-06,250.3442782979578,251.0935535251884,245.0112507354852,250.16796875,271797.0,NAM-INDIA.NS,250.03578622000558,253.57059224446616,249.77134704589844
2022-06-07,250.3443042202048,250.3443042202048,240.95639819215967,243.90940856933597,580796.0,NAM-INDIA.NS,249.6391100202288,252.37616729736328,250.16796875
2022-06-08,244.17389020204664,251.1817797606913,243.99758060392853,249.55101013183597,358580.0,NAM-INDIA.NS,249.4124494280134,251.03923441569012,243.90940856933597
2022-06-09,248.58132644438408,251.2258086406009,245.89278030532253,250.3443145751953,199874.0,NAM-INDIA.NS,249.4124494280134,249.96381174723308,249.55101013183597
2022-06-10,248.0524566361359,252.54808233007853,246.33355912740936,248.7135772705078,378675.0,NAM-INDIA.NS,249.33689444405692,248.85459899902344,250.3443145751953
2022-06-13,242.7634748960372,247.4354098655223,240.03083774800857,244.83499145507807,447298.0,NAM-INDIA.NS,248.18465968540735,247.71600240071615,248.7135772705078
2022-06-14,244.9231686808677,251.6665939259915,244.0416744814772,248.889892578125,415088.0,NAM-INDIA.NS,248.0587376185826,246.8638916015625,244.83499145507807
2022-06-15,250.34431483331653,256.7351468140966,246.9064933549028,248.84576416015625,965940.0,NAM-INDIA.NS,247.8698512486049,246.18807779947917,248.889892578125
2022-06-16,250.0798744768377,253.25323155795732,245.71646813870248,250.60874938964844,793925.0,NAM-INDIA.NS,248.826899937221,245.69737803141277,248.84576416015625
2022-06-17,249.6391575642137,251.2258362961838,243.55682632250512,246.59799194335935,939568.0,NAM-INDIA.NS,248.40504019601005,245.27132314046221,250.60874938964844
2022-06-20,246.8183385157027,247.12686681906013,234.60964031962388,236.98968505859372,257886.0,NAM-INDIA.NS,246.49723597935267,244.70422922770183,246.59799194335935
2022-06-21,239.766411954385,242.0583021547506,238.0915784275641,240.3834686279297,286790.0,NAM-INDIA.NS,245.30722045898438,244.56466115315754,236.98968505859372
2022-06-22,240.55974207365568,240.73605165962533,233.1551967810491,234.65374755859372,302384.0,NAM-INDIA.NS,243.8527570452009,244.1444829305013,240.3834686279297
2022-06-23,235.9759980725656,247.6998596739298,234.21300974748425,245.49612426757807,441816.0,NAM-INDIA.NS,243.367933000837,244.09893849690752,234.65374755859372
2022-06-24,246.8183762374694,250.78510014128588,245.49613493619725,248.4932098388672,247333.0,NAM-INDIA.NS,243.31756809779571,244.29433644612627,245.49612426757807
2022-06-27,252.4598984995737,258.93888535156185,249.63913359127625,251.49024963378903,579653.0,NAM-INDIA.NS,243.44349670410153,244.88934478759762,248.4932098388672
2022-06-28,250.7850702002464,250.7850702002464,244.5705475866416,246.5539093017578,388092.0,NAM-INDIA.NS,243.43719918387274,245.01275431315102,251.49024963378903
2022-06-29,242.4108964821343,244.35019441441824,235.4470979270428,242.76348876953125,1161314.0,NAM-INDIA.NS,244.26202828543524,244.98043365478512,246.5539093017578
2022-06-30,241.9479326801915,251.00965300529236,241.54014420389169,245.79916381835935,727614.0,NAM-INDIA.NS,245.0356990269252,245.49886322021482,242.76348876953125
2022-07-01,245.2101455785368,248.20050207842436,243.8055624040885,246.52407836914065,205261.0,NAM-INDIA.NS,246.73146057128903,245.84312082926428,245.79916381835935
2022-07-04,247.83803238714603,250.0128395719572,243.98680153652307,249.1519927978516,189180.0,NAM-INDIA.NS,247.25372750418526,246.185356648763,246.52407836914065
2022-07-05,249.42383583687447,255.13270821125323,248.8348295846249,251.4627227783203,370519.0,NAM-INDIA.NS,247.67794363839286,246.60021006266277,249.1519927978516
2022-07-06,250.46593743223917,253.9547051932038,250.46593743223917,252.91261291503903,198741.0,NAM-INDIA.NS,247.88113839285714,247.1603576660156,251.4627227783203
2022-07-07,254.6343323845844,256.35605365634984,252.82198838184715,254.99679565429688,158982.0,NAM-INDIA.NS,249.08726501464844,247.67391510009762,252.91261291503903
2022-07-08,255.2686488919209,261.8836930526897,255.2686488919209,260.5697326660156,467984.0,NAM-INDIA.NS,251.63101414271765,248.1367014567057,254.99679565429688
2022-07-11,260.9322115361538,273.21082980745695,260.9322115361538,271.8062744140625,1454255.0,NAM-INDIA.NS,255.34631565638952,248.82565612792968,260.5697326660156
2022-07-12,273.12021493706186,273.12021493706186,262.8804831610162,264.10382080078125,648175.0,NAM-INDIA.NS,257.85770743233815,249.28430633544923,271.8062744140625
2022-07-13,265.508409323835,267.3660509553859,260.4338403383463,261.2493896484375,265768.0,NAM-INDIA.NS,259.5859069824219,249.68453725179037,264.10382080078125
2022-07-14,262.60859459606627,262.7445424987287,255.8123056297688,258.7120666503906,217209.0,NAM-INDIA.NS,260.6215275355748,249.8782516479492,261.2493896484375
2022-07-15,260.07137599356145,260.07137599356145,246.7959611121818,250.28472900390625,681243.0,NAM-INDIA.NS,260.2461155482701,249.8953643798828,258.7120666503906
2022-07-18,252.64077156838468,256.1295397001016,251.64400437718956,254.0906524658203,588037.0,NAM-INDIA.NS,260.1166665213449,250.0261205037435,250.28472900390625
2022-07-19,253.59222994045427,256.99037480926285,249.9675420803918,255.13270568847656,635217.0,NAM-INDIA.NS,259.33994838169644,250.40023040771482,254.0906524658203
2022-07-20,257.57942673471314,260.07140008043154,251.64401037294616,252.64077758789065,356990.0,NAM-INDIA.NS,256.6020202636719,250.50322265624996,255.13270568847656
2022-07-21,252.6407437241336,260.84161695513035,250.23939344369748,258.98394775390625,438638.0,NAM-INDIA.NS,255.870609828404,250.79121042887365,252.64077758789065
2022-07-22,259.8901401509924,264.60224600452466,256.2201543074636,260.2073059082031,576338.0,NAM-INDIA.NS,255.72174072265625,251.17433471679684,258.98394775390625
2022-07-25,261.4306054228055,261.8836913940755,256.26541428865795,257.7606201171875,238510.0,NAM-INDIA.NS,255.5858197893415,251.60518900553384,260.2073059082031
2022-07-26,259.7995301433428,259.7995301433428,250.239398704965,251.64398193359372,385741.0,NAM-INDIA.NS,255.77999877929688,251.69699198404948,257.7606201171875
2022-07-27,250.6471837965749,259.6635787143522,248.1552107660948,257.9871826171875,412904.0,NAM-INDIA.NS,256.3366459437779,252.0017059326172,251.64398193359372
2022-07-28,258.62150725418525,266.3239699685254,258.62150725418525,263.1976928710937,893106.0,NAM-INDIA.NS,257.48878696986606,252.4213373819987,257.9871826171875
2022-07-29,260.7963039488047,261.7024759954012,251.9158289538294,253.0938415527344,1174745.0,NAM-INDIA.NS,257.5535103934152,252.6378657023112,263.1976928710937
2022-08-01,253.7734182740651,256.1294706403675,253.22973728152425,254.63429260253903,641535.0,NAM-INDIA.NS,256.932131086077,253.22601928710938,253.0938415527344
2022-08-02,255.9936330418984,265.2366000576493,255.1327584354839,259.7542419433594,1646345.0,NAM-INDIA.NS,256.8674076625279,253.87171173095703,254.63429260253903
2022-08-03,260.34319210419096,271.8515870162134,258.2590076654027,270.7188720703125,1405104.0,NAM-INDIA.NS,258.71858651297435,255.07388254801432,259.7542419433594
2022-08-04,272.84840036015567,278.7385184816787,266.8223619666633,271.4438171386719,2310356.0,NAM-INDIA.NS,261.54713439941406,255.93880564371744,270.7188720703125
2022-08-05,271.851610050707,276.020006935653,269.08779641019515,271.2626037597656,645846.0,NAM-INDIA.NS,263.4436231340681,256.6977854410807,271.4438171386719
2022-08-08,272.0781186765379,277.87761342723496,268.2268880208333,276.6089782714844,953722.0,NAM-INDIA.NS,265.3595210484096,257.53507639567056,271.2626037597656
2022-08-10,279.1009903000256,283.40530752056173,274.93259335561856,282.227294921875,1863039.0,NAM-INDIA.NS,269.52144295828685,258.72418924967445,276.6089782714844
2022-08-11,282.725676498232,285.4441926184073,279.7353198277096,283.2240600585937,922055.0,NAM-INDIA.NS,273.60569545200894,260.0728749593099,282.227294921875
2022-08-12,282.7256768408791,284.3114779129033,276.51839282812074,278.738525390625,538829.0,NAM-INDIA.NS,276.31773594447543,261.1708536783854,283.2240600585937
2022-08-16,278.10420268929767,295.5027174910354,278.05890514747864,284.6739501953125,2976884.0,NAM-INDIA.NS,278.31131853376115,262.44251607259116,278.738525390625
2022-08-17,286.7128423991832,288.75172959211164,282.2273071672472,284.80987548828125,632560.0,NAM-INDIA.NS,280.2207554408482,263.63111216227213,284.6739501953125
2022-08-18,285.4441985381515,289.9750588324079,282.58976208360536,284.3567810058594,652451.0,NAM-INDIA.NS,282.0913521902902,264.7275807698568,284.80987548828125
2022-08-19,285.8066254937577,288.1626780780607,275.023184895256,276.0652770996094,979534.0,NAM-INDIA.NS,282.013680594308,265.4993362426758,284.3567810058594
2022-08-22,275.70283102998053,286.576895031163,273.93578456811844,280.6414794921875,1568176.0,NAM-INDIA.NS,281.7871355329241,266.35415903727215,276.0652770996094
2022-08-23,280.913337531197,286.3503698705105,278.8744504039544,281.86480712890625,1499822.0,NAM-INDIA.NS,281.59295654296875,267.0639948527018,280.6414794921875
2022-08-24,280.9586015913219,288.8876061412773,280.9586015913219,283.7224426269531,1330043.0,NAM-INDIA.NS,282.30494471958707,267.4612004597982,281.86480712890625
2022-08-25,285.8972367226144,285.8972367226144,273.0295845786599,274.796630859375,1241167.0,NAM-INDIA.NS,280.8938991001674,267.81762746175133,283.7224426269531
2022-08-26,276.835536703751,283.90366700473044,276.835536703751,279.19158935546875,775984.0,NAM-INDIA.NS,280.0912867954799,268.415700785319,274.796630859375
2022-08-29,272.84842840306527,277.9229977601529,271.1720044653428,272.1234741210937,412792.0,NAM-INDIA.NS,278.3436715262277,268.86274770100914,279.19158935546875
2022-08-30,276.1558679774568,276.4730336519893,272.9389690101831,273.5732727050781,388959.0,NAM-INDIA.NS,277.9876708984375,269.63903249104817,272.1234741210937
2022-09-01,273.89050306388964,274.4795093676004,271.71569566717045,272.39532470703125,305487.0,NAM-INDIA.NS,276.8096487862723,270.2491882324219,273.5732727050781
2022-09-02,272.7577682606091,273.6639402481859,261.9743271392804,264.0132141113281,596191.0,NAM-INDIA.NS,274.2594212123326,270.54520517985026,272.39532470703125
2022-09-05,265.5083813648012,270.1751613767267,264.2850437013983,267.2301025390625,437183.0,NAM-INDIA.NS,271.9033726283482,271.031516011556,264.0132141113281
2022-09-06,269.9939801608284,271.8516218484553,265.7349603568651,269.8580322265625,308206.0,NAM-INDIA.NS,271.19785853794644,271.3939854939779,267.2301025390625
2022-09-07,268.9518181579933,272.39528808956265,268.2268916745959,269.76739501953125,228265.0,NAM-INDIA.NS,269.85154506138394,271.71265513102213,269.8580322265625
2022-09-08,270.2204675237016,272.0781088287237,268.67996425550905,270.6735534667969,300595.0,NAM-INDIA.NS,269.64441353934154,272.1430862426758,269.76739501953125
2022-09-09,272.0781786506089,274.5248544328685,268.2269471459791,268.9518737792969,322273.0,NAM-INDIA.NS,268.98421369280135,272.72001597086586,270.6735534667969
2022-09-12,270.31108265492884,271.8515860374772,267.59256679455405,269.7220764160156,282087.0,NAM-INDIA.NS,268.6023210797991,273.1111790974935,268.9518737792969
2022-09-13,270.9001054112041,272.1687405630569,267.6831785161724,268.45343017578125,263217.0,NAM-INDIA.NS,269.2366376604353,273.28637034098307,269.7220764160156
2022-09-14,266.8676443117942,270.5376297168913,265.73492935291563,267.36602783203125,262570.0,NAM-INDIA.NS,269.2560555594308,273.7621098836263,268.45343017578125
2022-09-15,268.58938767545743,269.7674279223766,266.4145803058368,266.9129638671875,153503.0,NAM-INDIA.NS,268.83533150809154,274.17139892578126,267.36602783203125
2022-09-16,266.41456528966603,266.9582740149696,259.0745666335036,265.010009765625,379681.0,NAM-INDIA.NS,268.1557050432478,274.3465911865234,266.9129638671875
2022-09-19,266.32393876994985,266.32393876994985,257.3528417197103,258.032470703125,372365.0,NAM-INDIA.NS,266.34983607700894,273.9237111409505,265.010009765625
2022-09-20,257.5794109051495,261.74780795810864,255.72176922326503,256.7185363769531,235833.0,NAM-INDIA.NS,264.6022164481027,273.4328684488932,258.032470703125
2022-09-21,257.35283047704013,259.02925409372864,254.04530843308171,255.6764068603516,167140.0,NAM-INDIA.NS,262.595692225865,272.91332855224607,256.7185363769531
2022-09-22,254.18122209219425,259.34641306803604,253.00320966466575,257.6246643066406,192198.0,NAM-INDIA.NS,261.0487256731306,272.28051808675133,255.6764068603516
2022-09-23,258.2590074436639,258.5761731590785,252.0064264784941,252.8219757080078,157322.0,NAM-INDIA.NS,258.9710039411272,271.3003407796224,257.6246643066406
2022-09-26,251.9158466215476,253.5922705561597,243.8962179158893,245.844482421875,270934.0,NAM-INDIA.NS,255.96122087751115,270.0543548583984,252.8219757080078
2022-09-27,246.3881867748193,249.55978910313777,238.32326067078787,240.13560485839844,350433.0,NAM-INDIA.NS,252.40773446219308,268.76759084065753,245.844482421875
2022-09-28,241.04175489313528,250.3300180046189,236.0578088333148,239.09349060058597,570023.0,NAM-INDIA.NS,249.70216587611608,267.2482421875,240.13560485839844
2022-09-29,241.04177074412613,245.43671081672477,240.1355986736595,241.9932403564453,193099.0,NAM-INDIA.NS,247.59855215890067,265.8210210164388,239.09349060058597
2022-09-30,241.99320409049903,246.93185219608995,240.6339461885022,243.44308471679688,321023.0,NAM-INDIA.NS,245.85093470982142,264.45723114013674,241.9932403564453
2022-10-03,243.9868077625179,246.43348319172267,241.2229942608611,242.44630432128903,143439.0,NAM-INDIA.NS,243.68259756905692,263.3365987141927,243.44308471679688
2022-10-04,244.89297813914484,247.38495108968192,243.8508858906642,245.61790466308597,159004.0,NAM-INDIA.NS,242.65344456263952,262.16914621988934,242.44630432128903
2022-10-06,247.3849665534069,249.06139035575788,246.0257084954212,246.7053375244141,168646.0,NAM-INDIA.NS,242.77642386300224,260.9971638997396,245.61790466308597
2022-10-07,246.0256975522728,247.56620101113927,244.0774332866533,245.4366912841797,124094.0,NAM-INDIA.NS,243.53372192382812,259.7209721883138,246.7053375244141
2022-10-10,244.66644189725832,247.38495791833896,243.21656115518036,245.16482543945312,208490.0,NAM-INDIA.NS,244.40105547223772,258.73324534098305,245.4366912841797
2022-10-11,246.29754155912264,249.65038906191464,240.1355829452173,241.67608642578125,314877.0,NAM-INDIA.NS,244.35574776785714,257.4827285766602,245.16482543945312
2022-10-12,241.9479276275733,246.0257016887122,239.22941158681405,240.498046875,279702.0,NAM-INDIA.NS,243.93502807617188,256.42854766845704,241.67608642578125
2022-10-13,240.1808646473941,248.10986922183028,239.95432165955307,246.25222778320312,877065.0,NAM-INDIA.NS,244.4787314278739,255.5178461710612,240.498046875
2022-10-14,247.83803881391896,253.1844480143532,245.75385430238208,246.52407836914065,397790.0,NAM-INDIA.NS,244.60818481445312,254.6554712931315,246.25222778320312
2022-10-17,247.3849215539905,249.4238082700948,244.66640593251807,246.2069091796875,171426.0,NAM-INDIA.NS,244.53698076520647,254.06192779541016,246.52407836914065
2022-10-18,246.8412519451783,247.74742396234427,243.1259411439627,244.0774383544922,265431.0,NAM-INDIA.NS,244.3428017752511,253.29017232259113,246.2069091796875
2022-10-19,245.30074851223603,246.4787609403556,238.32321370335856,240.3168029785156,333144.0,NAM-INDIA.NS,243.65022713797433,252.3054646809896,244.0774383544922
2022-10-20,240.13559266539383,248.29114109553933,239.90904965344535,244.93829345703125,1872881.0,NAM-INDIA.NS,244.1162567138672,251.4778279622396,240.3168029785156
2022-10-21,243.6696695250232,246.47880853549117,241.99324562731027,242.80882263183597,379882.0,NAM-INDIA.NS,244.44636753627233,250.54900360107422,244.93829345703125
2022-10-24,244.66640593251807,246.43345214814352,244.57578321430145,246.2069091796875,70347.0,NAM-INDIA.NS,244.4398934500558,249.79083811442058,242.80882263183597
2022-10-25,246.3881503424648,246.3881503424648,241.9479132702132,242.9900054931641,281311.0,NAM-INDIA.NS,243.93502589634485,248.89976908365887,246.2069091796875
2022-10-27,245.4820254325816,245.5273506317636,242.0838799319806,242.89942932128903,393692.0,NAM-INDIA.NS,243.4625287737165,248.04796905517577,242.9900054931641
2022-10-28,243.7149801954508,245.5726218079736,241.0870591671539,242.7181854248047,301073.0,NAM-INDIA.NS,243.26834978376115,247.22637430826822,242.89942932128903
2022-10-31,243.9415095751647,246.25223707668,243.89618438338195,245.11952209472656,286182.0,NAM-INDIA.NS,243.95445251464844,246.4999262491862,242.7181854248047
2022-11-01,248.79861934244624,251.09805205355943,246.7291299024444,248.2467498779297,291068.0,NAM-INDIA.NS,244.42708914620536,245.94115091959637,245.11952209472656
2022-11-02,249.12053292179635,249.12053292179635,246.4991741500087,246.9590606689453,170246.0,NAM-INDIA.NS,245.01998029436385,245.57203725179036,248.2467498779297
2022-11-03,246.95908864967527,248.1088050772808,242.0843022243272,243.3259735107422,408014.0,NAM-INDIA.NS,244.60841805594308,245.12561848958333,246.9590606689453
2022-11-04,244.98159243875,245.25751316542383,242.3602332583486,243.8778533935547,223209.0,NAM-INDIA.NS,244.7352534702846,244.73233337402343,243.3259735107422
2022-11-07,245.11952418949167,247.05105325849271,242.4981653150793,245.85533142089844,340136.0,NAM-INDIA.NS,245.15752519880022,244.34002227783202,243.8778533935547
2022-11-09,246.95905504217083,248.15474873646477,246.039282025254,247.09701538085935,286489.0,NAM-INDIA.NS,245.78307233537947,244.1491902669271,245.85533142089844
2022-11-10,247.0970461308332,247.1430516289511,236.4276721929994,237.3014678955078,566417.0,NAM-INDIA.NS,244.66620744977678,243.8644231160482,247.09701538085935
2022-11-11,239.14102074500644,243.5099432393864,231.78283549131396,242.4062042236328,932916.0,NAM-INDIA.NS,243.83184378487724,243.940109761556,237.3014678955078
2022-11-14,243.6478948290912,245.7633898549314,240.38271146799303,241.44044494628903,396475.0,NAM-INDIA.NS,243.04347011021204,244.01834157307943,242.4062042236328
2022-11-15,242.3602046966747,243.1420174224488,239.232981862825,239.7388458251953,271156.0,NAM-INDIA.NS,242.53102329799108,243.9431950887044,241.44044494628903
2022-11-16,240.24475596429107,242.08430224864475,239.3249828221142,240.8885803222656,343842.0,NAM-INDIA.NS,242.10398428780692,243.85804494222006,239.7388458251953
2022-11-17,240.980549957178,243.7398692314968,238.45117395571904,239.18698120117188,224503.0,NAM-INDIA.NS,241.151362827846,243.74940083821613,240.8885803222656
2022-11-18,239.3709439620231,240.52066031150449,235.4619083737864,236.8415679931641,215302.0,NAM-INDIA.NS,239.68629891531808,243.45685628255208,239.18698120117188
2022-11-21,236.841563411876,238.3132059245952,235.09400020831728,237.3474273681641,218538.0,NAM-INDIA.NS,239.69286455426897,243.14492594401042,236.8415679931641
2022-11-22,237.11750600474943,238.54317122376304,236.47368164357292,237.577392578125,116208.0,NAM-INDIA.NS,239.00303431919642,242.88294932047526,237.3474273681641
2022-11-23,238.68111415233423,239.2789610402152,236.42765887965203,236.8415679931641,130433.0,NAM-INDIA.NS,238.34605189732142,242.60550740559896,237.577392578125
2022-11-24,237.0255137715584,241.6243787801703,236.9795082799256,237.39341735839844,222755.0,NAM-INDIA.NS,238.010990687779,242.46275177001954,236.8415679931641
2022-11-25,237.57739688387096,240.5666596649883,237.34745359301576,239.554931640625,315384.0,NAM-INDIA.NS,237.82046944754464,242.43131459554036,237.39341735839844
2022-11-28,240.06078334375107,249.16653158087132,240.06078334375107,248.01681518554688,763557.0,NAM-INDIA.NS,239.08187430245536,242.4901341756185,239.554931640625
2022-11-29,248.06280396721115,249.71838423721803,240.52065369441075,241.53240966796875,705662.0,NAM-INDIA.NS,239.75199454171317,242.32374521891276,248.01681518554688
2022-11-30,242.77412903286785,250.1323140771616,242.728123534792,249.5344390869141,602114.0,NAM-INDIA.NS,241.4929962158203,242.43466288248698,241.53240966796875
2022-12-01,251.09805186283907,252.385728566235,245.1655042449743,247.05105590820312,496591.0,NAM-INDIA.NS,242.84637669154577,242.53378346761068,249.5344390869141
2022-12-02,247.3269519912108,249.67238996289083,246.49916191207137,248.1087646484375,291054.0,NAM-INDIA.NS,244.45597621372767,242.79351552327475,247.05105590820312
2022-12-05,248.79862324140385,249.90236218773376,245.57941739539675,246.0852813720703,398245.0,NAM-INDIA.NS,245.69767107282365,242.83174845377604,248.1087646484375
2022-12-06,246.08526373112696,246.95905934010293,243.41792754949637,244.1537628173828,781203.0,NAM-INDIA.NS,246.35464695521765,242.87657979329427,246.0852813720703
2022-12-07,246.4992083137668,248.79864122714147,244.98158820478935,247.2810211181641,547243.0,NAM-INDIA.NS,246.24953351702013,242.91238352457682,244.1537628173828
2022-12-08,247.41897198712385,249.90237066599508,246.0393122920284,248.3387451171875,396917.0,NAM-INDIA.NS,247.2218671526228,243.0906748453776,247.2810211181641
2022-12-09,248.33874908407745,251.00608559001964,246.03931622218784,248.6146697998047,339555.0,NAM-INDIA.NS,247.09047154017858,243.28118286132812,248.3387451171875
2022-12-12,249.16655183757763,250.5002341922787,245.44148164158528,247.4649658203125,800594.0,NAM-INDIA.NS,247.14960152762276,243.4394088745117,248.6146697998047
2022-12-13,248.70663642015236,250.362244813702,247.87884625800095,248.2467498779297,218314.0,NAM-INDIA.NS,247.16931370326452,243.54364980061848,247.4649658203125
2022-12-14,249.2585085912324,249.2585085912324,247.2349965557818,248.2007751464844,310327.0,NAM-INDIA.NS,247.47152709960938,243.5421173095703,248.2467498779297
2022-12-15,248.33875081233631,249.81039346803695,245.027561854322,245.76339721679688,261497.0,NAM-INDIA.NS,247.70147487095423,243.50226186116535,248.2007751464844
2022-12-16,245.5794077900628,247.6488971815521,243.00405444168572,245.9473114013672,1166137.0,NAM-INDIA.NS,247.51094491141183,243.58963979085286,245.76339721679688
2022-12-19,245.9933416754742,246.86710933168277,243.00407891998617,244.8896026611328,342353.0,NAM-INDIA.NS,247.0182102748326,243.6233647664388,245.9473114013672
2022-12-20,244.88958242321573,245.57941223285857,241.71635407115983,243.00405883789065,231560.0,NAM-INDIA.NS,246.21669442313058,243.5283223470052,244.8896026611328
2022-12-21,243.37197934172883,245.5334518424286,234.5881430159028,235.96778869628903,355906.0,NAM-INDIA.NS,244.5742405482701,243.1573481241862,243.00405883789065
2022-12-22,239.5089061703264,239.5089061703264,230.40315822556084,232.7025909423828,320579.0,NAM-INDIA.NS,242.35364641462053,243.0040522257487,235.96778869628903
2022-12-23,231.78282157049784,232.19671665923468,224.0567331319974,225.6663360595703,555001.0,NAM-INDIA.NS,239.13444083077567,242.44605662027996,232.7025909423828
2022-12-26,226.7700574008299,232.65659954362616,223.78079486815827,231.4608917236328,251159.0,NAM-INDIA.NS,237.09122576032365,242.1134048461914,225.6663360595703
2022-12-27,233.57637165278567,236.15173909246164,231.82880840869663,234.77207946777344,1178547.0,NAM-INDIA.NS,235.49476405552454,241.94784596761068,231.4608917236328
2022-12-28,235.00202751159668,235.00202751159668,231.3229351043701,231.78282165527344,226707.0,NAM-INDIA.NS,233.62236676897322,241.64432067871093,234.77207946777344
2022-12-29,232.65660758604307,232.65660758604307,229.48339313321003,230.44915771484372,257264.0,NAM-INDIA.NS,231.8288094656808,241.35305989583333,231.78282165527344
2022-12-30,231.41492389006396,231.69084459989588,228.7475734064873,229.16146850585935,599552.0,NAM-INDIA.NS,230.85647800990515,241.09705657958983,230.44915771484372
2023-01-02,230.67906820943125,232.1966880258621,228.517596073669,231.32290649414065,363319.0,NAM-INDIA.NS,230.65938023158483,240.8962392171224,229.16146850585935
2023-01-03,232.1507158559516,233.62235837293747,230.1272179210634,232.84054565429688,521528.0,NAM-INDIA.NS,231.68426731654577,240.73834431966145,231.32290649414065
2023-01-04,232.840560329973,233.53039017179748,230.67910191303076,232.0587615966797,280026.0,NAM-INDIA.NS,231.7696772984096,240.57891743977865,232.84054565429688
2023-01-05,232.6106088801477,233.6683563545719,231.18497181814436,231.8748016357422,356396.0,NAM-INDIA.NS,231.35578046526228,240.39496358235678,232.0587615966797
2023-01-06,230.95502904428972,232.65660084393105,229.20745174849435,230.21920776367188,182370.0,NAM-INDIA.NS,231.13240705217635,240.08377278645833,231.8748016357422
2023-01-09,231.04699080351077,232.0587467874694,227.45988146879037,230.4031524658203,241323.0,NAM-INDIA.NS,231.12583487374442,239.49665069580078,230.21920776367188
2023-01-10,230.77105754998345,231.18496665900415,229.57536378719584,230.35716247558597,122421.0,NAM-INDIA.NS,231.29664829799108,239.1241424560547,230.4031524658203
2023-01-11,231.27695041542864,232.65661010854268,229.06950052029575,230.7710723876953,207480.0,NAM-INDIA.NS,231.21781485421317,238.49869689941406,230.35716247558597
2023-01-12,231.69083873124328,232.2427082061768,230.67909674003025,231.78282165527344,169641.0,NAM-INDIA.NS,231.06671142578125,237.98975575764973,230.7710723876953
2023-01-13,231.73682346570715,233.76032142401283,230.86304185128236,232.7945709228516,476025.0,NAM-INDIA.NS,231.1718270438058,237.47928263346355,231.78282165527344
2023-01-16,233.5763879218022,234.03627449539687,229.62136058196324,230.2652130126953,160144.0,NAM-INDIA.NS,230.94188581194197,236.9519470214844,232.7945709228516
2023-01-17,231.78281454962465,232.61060470202395,229.62134221279268,231.96676635742188,120664.0,NAM-INDIA.NS,231.19153703962053,236.54571380615235,230.2652130126953
2023-01-18,232.70257729094052,233.25444672445195,229.2074369594881,229.8052978515625,174696.0,NAM-INDIA.NS,231.1061292375837,235.96318969726562,231.96676635742188
2023-01-19,229.89726967307493,232.058741941567,228.65558448373463,229.71331787109372,372441.0,NAM-INDIA.NS,231.01415143694197,235.34234212239582,229.8052978515625
2023-01-20,229.98925045102948,230.31116259284505,225.98823213071424,226.49411010742188,171164.0,NAM-INDIA.NS,230.40315682547433,234.60499013264973,229.71331787109372
2023-01-23,226.95400377659712,227.597842115138,223.9647413155072,225.06846618652344,217573.0,NAM-INDIA.NS,229.44396318708147,233.85844014485676,226.49411010742188
2023-01-24,226.17220832462317,227.41390767095328,223.7808065939539,224.6085968017578,168138.0,NAM-INDIA.NS,228.27453831263952,233.07050170898438,225.06846618652344
2023-01-25,225.62034564777235,225.75830599978556,221.66531848611604,222.3551483154297,151035.0,NAM-INDIA.NS,227.14452907017298,232.2089808146159,224.6085968017578
2023-01-27,223.5048569274964,224.60858180910256,220.00971644022405,221.75729370117188,254209.0,NAM-INDIA.NS,225.68603297642298,231.40877736409504,222.3551483154297
2023-01-30,222.585095624124,223.96475530774464,214.3071375224004,216.51458740234372,300611.0,NAM-INDIA.NS,223.78736005510603,230.4276865641276,221.75729370117188
2023-01-31,220.7455421749073,233.6223654684436,217.80227108616663,228.97750854492188,520167.0,NAM-INDIA.NS,223.68224443708147,229.89728342692058,216.51458740234372
2023-02-01,228.10373660250656,230.8630559968917,218.99798821488525,220.5615997314453,354484.0,NAM-INDIA.NS,222.8347429547991,229.14920145670573,228.97750854492188
2023-02-02,220.56160631978832,222.67708739226612,214.67504968182288,216.2846527099609,308116.0,NAM-INDIA.NS,221.57991245814733,228.49309692382812,220.5615997314453
2023-02-03,217.02044779450063,218.8599938898719,210.30610173947093,212.09967041015625,385888.0,NAM-INDIA.NS,219.7929229736328,227.80633290608725,216.2846527099609
2023-02-06,212.46757105777135,213.3873440926535,208.604527118191,209.708251953125,439328.0,NAM-INDIA.NS,217.98622349330358,227.27439676920574,212.09967041015625
2023-02-07,210.8119777603361,211.54779899856,201.79819916999463,202.3040771484375,1037667.0,NAM-INDIA.NS,215.20719255719865,226.30250295003256,209.708251953125
2023-02-08,203.3618336479807,207.5467899352313,203.3158421870456,206.5810394287109,1171324.0,NAM-INDIA.NS,213.78811427525108,225.36280161539713,202.3040771484375
2023-02-09,207.5008144837989,207.5008144837989,204.55752937141995,204.87945556640625,291724.0,NAM-INDIA.NS,210.34553527832028,224.46602274576824,206.5810394287109
2023-02-10,206.0291614233781,206.99492592447476,203.2698422971721,205.56927490234372,1321218.0,NAM-INDIA.NS,208.20377458844862,223.6366933186849,204.87945556640625
2023-02-13,206.67300544684304,206.67300544684304,202.99391317708304,204.1896209716797,333843.0,NAM-INDIA.NS,206.47591291155135,222.8042984008789,205.56927490234372
2023-02-14,204.9714446194544,208.236627955228,203.1778758146364,206.76499938964844,328173.0,NAM-INDIA.NS,205.7138170514788,221.98570149739584,204.1896209716797
2023-02-15,206.9949398839816,209.2483811820948,206.58104479406265,208.05267333984372,198816.0,NAM-INDIA.NS,205.47730582101005,221.15943908691406,206.76499938964844
2023-02-16,209.15639685616117,209.52431451610863,206.5810434096471,206.85696411132807,401970.0,NAM-INDIA.NS,206.12771824428015,220.3193791707357,208.05267333984372
2023-02-17,207.9607169850384,207.9607169850384,203.7297548373209,204.465576171875,442911.0,NAM-INDIA.NS,205.82550920758928,219.4057383219401,206.85696411132807
2023-02-20,205.0634058258816,205.0634058258816,200.6025147989359,201.2463531494141,653613.0,NAM-INDIA.NS,205.3064945765904,218.43997650146486,204.465576171875
2023-02-21,201.38431341712464,202.30408649875992,197.0613827403634,197.5672607421875,511407.0,NAM-INDIA.NS,204.16334969656808,217.34544677734374,201.2463531494141
2023-02-22,197.5212726745955,202.0281552381873,195.95766121587732,200.740478515625,399775.0,NAM-INDIA.NS,203.67061505998885,216.35822397867838,197.5672607421875
2023-02-23,200.74045985274276,205.5232767078309,198.76295349095184,204.09762573242188,440302.0,NAM-INDIA.NS,203.28956168038505,215.46910909016927,200.740478515625
2023-02-24,204.64949971979317,204.9714258949992,200.9704075899991,202.35006713867188,145324.0,NAM-INDIA.NS,202.4749036516462,214.4880172729492,204.09762573242188
2023-02-27,203.22386981000724,203.22386981000724,197.8432054323701,198.5330352783203,192712.0,NAM-INDIA.NS,201.2857709612165,213.34596608479816,202.35006713867188
2023-02-28,199.2228593844006,207.31685144931865,197.7512168082571,203.5917816162109,430691.0,NAM-INDIA.NS,201.16094316755022,212.45685170491535,198.5330352783203
2023-03-01,203.5917846087867,207.0869112179105,203.5917846087867,205.93719482421875,301717.0,NAM-INDIA.NS,201.83106340680803,211.58919932047527,203.5917816162109
2023-03-02,206.48907144639884,207.9147226307933,204.60353368862712,205.7532501220703,236528.0,NAM-INDIA.NS,203.00049046107702,210.78746439615887,205.93719482421875
2023-03-03,206.029160607463,208.14464140276775,205.20137048672856,206.3970642089844,206017.0,NAM-INDIA.NS,203.80857413155692,210.0102559407552,205.7532501220703
2023-03-06,208.2366299088404,212.0077053356009,207.5468000650152,208.7425079345703,442731.0,NAM-INDIA.NS,204.47212873186385,209.4185358683268,206.3970642089844
2023-03-08,208.7885041340463,210.8120022482443,207.59279623736697,209.43234252929688,186314.0,NAM-INDIA.NS,205.483882359096,208.89733174641927,208.7425079345703
2023-03-09,207.59278478821452,210.0761693384315,205.5692867856164,206.07516479492188,344270.0,NAM-INDIA.NS,206.5613294328962,208.27955067952473,209.43234252929688
2023-03-10,204.83345862223143,209.93820193625905,204.09763736383252,208.69650268554688,674957.0,NAM-INDIA.NS,207.2905752999442,207.824262491862,206.07516479492188
2023-03-13,210.3980911784582,210.3980911784582,201.47629514634005,202.488037109375,565378.0,NAM-INDIA.NS,206.79783848353796,207.18195393880208,208.69650268554688
2023-03-14,204.18962904967583,204.18962904967583,197.19934784673836,198.2570953369141,291383.0,NAM-INDIA.NS,205.72695922851562,206.57337086995443,202.488037109375
2023-03-15,200.92441128777136,201.614241045478,198.9928963869661,200.4185333251953,235023.0,NAM-INDIA.NS,204.87288338797433,205.62140502929688,198.2570953369141
2023-03-16,201.8901920477685,202.99391694224383,197.8891735163437,198.34906005859372,365725.0,NAM-INDIA.NS,203.38810511997767,204.88098704020183,200.4185333251953
2023-03-17,198.71697246066415,200.6484874662863,197.38330433031535,199.3148193359375,293112.0,NAM-INDIA.NS,201.9427446637835,204.31532592773436,198.34906005859372
2023-03-20,199.314828437901,199.8666979130652,196.18760550430056,197.4292907714844,235704.0,NAM-INDIA.NS,200.7076198032924,203.826313273112,199.3148193359375
2023-03-21,200.23459519083977,200.23459519083977,196.37155109105515,196.7854461669922,449460.0,NAM-INDIA.NS,199.00604030064173,203.3955530802409,197.4292907714844
2023-03-22,198.48704392145527,198.48704392145527,194.3940563068803,194.85394287109372,509399.0,NAM-INDIA.NS,197.9154554094587,203.1472152709961,196.7854461669922
2023-03-23,194.8998914981044,195.1298347462308,191.31278244118107,191.9106292724609,403102.0,NAM-INDIA.NS,197.0088174002511,202.6582015991211,194.85394287109372
2023-03-24,190.34704531711785,193.1983476170488,187.67970886979455,189.56524658203125,708274.0,NAM-INDIA.NS,195.4583478655134,202.1477279663086,191.9106292724609
2023-03-27,188.55345769846664,189.19729596661023,183.9545928765528,185.10430908203125,536803.0,NAM-INDIA.NS,193.56624058314733,201.46556243896484,189.56524658203125
2023-03-28,185.33427324233705,186.20805485020256,181.1033115147669,184.96636962890625,549654.0,NAM-INDIA.NS,191.51646205357142,200.82478739420574,185.10430908203125
2023-03-29,184.96637083191132,188.415519860095,184.55246172083068,187.77166748046875,496738.0,NAM-INDIA.NS,190.13680158342635,200.1916763305664,184.96636962890625
2023-03-31,188.69143733291816,194.5320018681029,187.81765573428868,193.1983337402344,943531.0,NAM-INDIA.NS,189.62435695103235,199.6965316772461,187.77166748046875
2023-04-03,194.85394421270965,200.05065681025272,193.3823015832443,198.48704528808597,1314405.0,NAM-INDIA.NS,190.14337158203125,199.41753438313802,193.1983337402344
2023-04-05,199.4067859160982,202.57999990680597,198.85491651135683,201.79818725585935,283616.0,NAM-INDIA.NS,191.5558798653739,199.32862141927083,198.48704528808597
2023-04-06,202.35009144488484,202.76398655227905,200.234610409218,201.7062530517578,145323.0,NAM-INDIA.NS,193.2903093610491,199.3439514160156,201.79818725585935
2023-04-10,203.31583713332407,203.59177185745264,196.6934739273554,197.29132080078125,343187.0,NAM-INDIA.NS,195.03131103515625,199.33475341796876,201.7062530517578
2023-04-11,198.25708364941448,200.8784284200167,195.68171630359416,200.1885986328125,1073994.0,NAM-INDIA.NS,197.20591517857142,199.316357421875,197.29132080078125
2023-04-12,199.7287225440472,212.65153737316143,199.6827451168629,211.7777557373047,997922.0,NAM-INDIA.NS,200.63535635811942,199.5723617553711,200.1885986328125
2023-04-13,212.92747264178783,217.98622469159272,211.0419349799358,217.4803466796875,892291.0,NAM-INDIA.NS,204.10421534946985,200.0767044067383,211.7777557373047
2023-04-17,217.48034943268945,220.7455467858212,215.68679467197944,219.87176513671875,2218541.0,NAM-INDIA.NS,207.159175327846,200.78799540201823,217.4803466796875
2023-04-18,220.65356771503093,220.65356771503093,217.57233615809903,218.95199584960935,192920.0,NAM-INDIA.NS,209.6097194126674,201.3000025431315,219.87176513671875
2023-04-19,220.745534476175,220.745534476175,212.3296165881201,213.2493896484375,204694.0,NAM-INDIA.NS,211.2587389264788,201.54374237060546,218.95199584960935
2023-04-20,214.21516118903327,218.72205804834013,213.70929718383644,216.7445373535156,624601.0,NAM-INDIA.NS,214.0377698625837,201.91011861165364,213.2493896484375
2023-04-21,216.882493491727,219.18192617498403,215.04294734512135,218.0782012939453,383879.0,NAM-INDIA.NS,216.59342738560267,202.29948984781902,216.7445373535156
2023-04-24,220.745548782618,220.745548782618,214.7210320401676,215.7327880859375,128070.0,NAM-INDIA.NS,217.15843200683594,202.53249918619792,218.0782012939453
2023-04-25,215.45686248076836,218.4001337824388,213.84725945263028,216.2846527099609,154611.0,NAM-INDIA.NS,216.98761858258928,202.7609095255534,215.7327880859375
2023-04-26,216.3306403185818,218.49211281740156,213.43336053342924,217.2044219970703,282465.0,NAM-INDIA.NS,216.60656956263952,203.131884765625,216.2846527099609
2023-04-27,217.52632956625396,219.3658756936641,217.2044033801079,217.7102813720703,211006.0,NAM-INDIA.NS,216.42918178013392,203.43234405517578,217.2044219970703
2023-04-28,218.63006400953256,220.7455449556153,216.51458306344983,219.08995056152344,187723.0,NAM-INDIA.NS,217.26354762486048,203.9857411702474,217.7102813720703
2023-05-02,219.3658867736954,220.42362023653243,218.0782100333178,219.04396057128903,434702.0,NAM-INDIA.NS,217.592036655971,204.6786366780599,219.08995056152344
2023-05-03,218.21615996180512,224.51661107929343,218.21615996180512,219.73377990722656,310886.0,NAM-INDIA.NS,217.82854788643974,205.32247823079427,219.04396057128903
2023-05-04,220.83751970074567,223.0909609151159,217.06644450023967,217.66429138183597,256662.0,NAM-INDIA.NS,218.10447692871094,205.96631927490233,219.73377990722656
2023-05-05,217.9862135866855,218.53808303239973,213.20339651744652,216.14666748046875,1381830.0,NAM-INDIA.NS,218.0847647530692,206.52738087972006,217.66429138183597
2023-05-08,217.75629343315836,219.3658964469198,215.91674713171668,216.7445373535156,847717.0,NAM-INDIA.NS,218.0190669468471,207.1712224324544,216.14666748046875
2023-05-09,218.44611254438357,222.44713116694072,217.34238762476824,219.91775512695312,684652.0,NAM-INDIA.NS,218.33442034040178,207.94229939778646,216.7445373535156
2023-05-10,220.7455357142857,220.7455357142857,216.23865330730163,217.29638671875,300357.0,NAM-INDIA.NS,218.0781969342913,208.690380859375,219.91775512695312
2023-05-11,217.5263380619965,219.73378788725395,216.1006869506485,218.7220458984375,564932.0,NAM-INDIA.NS,218.03220912388392,209.58409474690754,217.29638671875
2023-05-12,218.676052603702,220.33164697608055,216.4226113354256,217.9402313232422,315069.0,NAM-INDIA.NS,217.77598789760046,210.5299275716146,218.7220458984375
2023-05-15,217.9402431572635,222.5851003305912,216.65256637250653,220.88351440429688,290797.0,NAM-INDIA.NS,218.23587690080916,211.72256774902343,217.9402313232422
2023-05-16,220.7455386513158,221.25141665098303,217.98621941817436,218.44610595703125,164866.0,NAM-INDIA.NS,218.56436811174666,212.83855895996095,220.88351440429688
2023-05-17,218.8600097371068,219.31989629424908,215.68679529974952,216.97447204589844,138609.0,NAM-INDIA.NS,218.5972159249442,213.8119857788086,218.44610595703125
2023-05-18,217.57231621721772,219.82575736656125,216.60655171474968,217.02044677734372,119217.0,NAM-INDIA.NS,218.18331473214283,214.6060562133789,216.97447204589844
2023-05-19,215.686812680512,218.3541493130308,214.3991358305978,217.3424072265625,295938.0,NAM-INDIA.NS,218.18988909040178,215.23456827799478,217.02044677734372
2023-05-22,217.34236774668256,218.4460925653514,213.8472274587124,217.9862060546875,864645.0,NAM-INDIA.NS,218.08476911272322,215.7741689046224,217.3424072265625
2023-05-23,218.72204011009163,218.72204011009163,215.2268996170777,216.422607421875,257897.0,NAM-INDIA.NS,217.8679656982422,216.26471405029298,217.9862060546875
2023-05-24,216.14666684931768,217.20440024345453,213.29536477915835,214.1231689453125,185040.0,NAM-INDIA.NS,216.90220206124442,216.82577565511068,216.422607421875
2023-05-25,213.84724704645708,215.64080179540585,211.8237490211143,212.5595703125,210982.0,NAM-INDIA.NS,216.06126839773995,217.23814137776694,214.1231689453125
2023-05-26,212.5595606360957,218.17016790392285,212.51356917598585,217.7102813720703,279633.0,NAM-INDIA.NS,216.16638401576452,217.4358922322591,212.5595703125
2023-05-29,218.8600012716688,226.2641773621937,218.4920976540349,224.5625915527344,969898.0,NAM-INDIA.NS,217.24383326939173,217.67196706136068,217.7102813720703
2023-05-30,227.1839264319605,227.1839264319605,223.96472099668983,226.03421020507807,591436.0,NAM-INDIA.NS,218.4855194091797,217.87738189697265,224.5625915527344
2023-05-31,226.0342256929781,230.8630341767549,222.58507677599476,229.71331787109372,463927.0,NAM-INDIA.NS,220.16082109723772,218.23609263102213,226.03421020507807
2023-06-01,229.94328114008795,231.3229408269285,226.40214899668092,227.9657745361328,296798.0,NAM-INDIA.NS,221.80984497070312,218.7266387939453,229.71331787109372
2023-06-02,229.20745652659627,230.86305093384345,226.72407193303744,227.22994995117188,165988.0,NAM-INDIA.NS,223.68224225725447,219.0761525472005,227.9657745361328
2023-06-05,228.47162633439947,231.4149114036215,227.50587583284832,230.3111724853516,306774.0,NAM-INDIA.NS,226.2181854248047,219.48391825358073,227.22994995117188
2023-06-06,231.644859502643,235.921798778938,230.6331034846733,234.6800994873047,826686.0,NAM-INDIA.NS,228.64244515555245,220.11549530029296,230.3111724853516
2023-06-07,236.4736807666756,237.3014709818322,234.68011190946223,235.96778869628903,336709.0,NAM-INDIA.NS,230.27175903320312,220.77159983317057,234.6800994873047
2023-06-08,235.96778008159228,236.19772335903264,229.48339088547337,230.08123779296875,350650.0,NAM-INDIA.NS,230.84990583147322,221.2008270263672,235.96778869628903
2023-06-09,231.0010107766508,231.04700223903856,224.83853375153757,225.2064514160156,342322.0,NAM-INDIA.NS,230.20606776646204,221.45069936116536,230.08123779296875
2023-06-12,226.8620275875816,226.8620275875816,224.516617430064,225.2984161376953,172875.0,NAM-INDIA.NS,229.82501656668526,221.65764821370442,225.2064514160156
2023-06-13,226.4021425202729,226.4021425202729,224.8845225220106,225.2524261474609,246386.0,NAM-INDIA.NS,229.54251316615515,221.86459706624348,225.2984161376953
2023-06-14,225.4363745897374,227.09195481106664,223.5048456186898,224.5166015625,239490.0,NAM-INDIA.NS,228.7147173200335,222.0240244547526,225.2524261474609
2023-06-15,224.6545829656292,228.05774067855225,223.55085803638715,225.5743560791016,322988.0,NAM-INDIA.NS,227.41389683314733,222.2876932779948,224.5166015625
2023-06-16,226.63208277328025,229.66733676396112,225.57434933824487,226.5861053466797,494029.0,NAM-INDIA.NS,226.0736563546317,222.63567454020182,225.5743560791016
2023-06-19,227.689834680106,228.56361632189677,225.43639338244867,226.44813537597656,329916.0,NAM-INDIA.NS,225.5546417236328,222.9591278076172,226.5861053466797
2023-06-20,227.9197825457328,233.62237309789035,227.5058874475629,232.0587615966797,1162399.0,NAM-INDIA.NS,226.5335431780134,223.36382802327475,226.44813537597656
2023-06-21,234.54211988492293,235.8297964978931,232.24268733703155,234.40415954589844,613407.0,NAM-INDIA.NS,227.83436366489954,223.93408711751303,232.0587615966797
2023-06-22,235.41592880415044,240.98055902364413,232.47265760773303,233.6683654785156,1230580.0,NAM-INDIA.NS,229.03664071219308,224.4322977701823,234.40415954589844
2023-06-23,233.80630999471816,236.38167738010307,228.79354960428265,230.4031524658203,460552.0,NAM-INDIA.NS,229.87757655552454,224.84772847493488,233.6683654785156
2023-06-26,230.81707204923717,237.2554982137408,229.759338527464,235.46192932128903,326263.0,NAM-INDIA.NS,231.2900870186942,225.33367563883465,230.4031524658203
2023-06-27,236.38168889848097,240.06078133269853,235.27796397514047,237.4854278564453,460910.0,NAM-INDIA.NS,232.84713309151786,225.96831970214845,235.46192932128903
2023-06-28,241.2564751461202,241.2564751461202,234.49615121901968,237.4854278564453,578835.0,NAM-INDIA.NS,234.42388916015625,226.65201822916666,237.4854278564453
2023-06-30,246.29518076436185,284.9445667976425,246.29518076436185,272.9613647460937,15887417.0,NAM-INDIA.NS,240.2671181815011,228.51671549479167,237.4854278564453
2023-07-03,274.66654559341885,277.5557664105529,267.1355840538427,270.2616271972656,2486662.0,NAM-INDIA.NS,245.38961356026786,230.28068949381512,272.9613647460937
2023-07-04,269.9774273760834,271.87200581381035,266.66191511006133,270.0247802734375,778130.0,NAM-INDIA.NS,250.58338710239954,232.01530863444012,270.2616271972656
2023-07-05,270.6405758220295,276.3243118582585,268.08288304213585,270.1669311523437,601579.0,NAM-INDIA.NS,256.26392691476,233.8067860921224,270.0247802734375
2023-07-06,270.8773462222098,276.08743658983497,269.1248554985781,271.2562561035156,1664631.0,NAM-INDIA.NS,261.3774021693638,235.71122233072916,270.1669311523437
2023-07-07,272.53510450958606,275.56641249415543,265.5725233605584,271.3983459472656,790637.0,NAM-INDIA.NS,266.2221047537667,237.67251485188802,271.2562561035156
2023-07-10,271.39837279291373,274.24024057085,270.0721736116716,271.7772827148437,334228.0,NAM-INDIA.NS,271.1209411621093,239.47474822998046,271.3983459472656
2023-07-11,272.10883653255377,278.64512656302924,270.1195233296333,277.7925720214844,759485.0,NAM-INDIA.NS,271.8111136300223,241.24908091227215,271.7772827148437
2023-07-12,279.9239537277818,285.1340442370975,279.9239537277818,281.77117919921875,1270653.0,NAM-INDIA.NS,273.45533534458707,243.1069798787435,277.7925720214844
2023-07-13,283.23946149651226,284.1867506653969,274.9506812687715,277.03472900390625,556629.0,NAM-INDIA.NS,274.4567565917969,244.68436024983723,281.77117919921875
2023-07-14,277.55576287578845,284.18678792742844,277.27158765145106,281.39227294921875,624869.0,NAM-INDIA.NS,276.0603768484933,246.46524353027343,277.03472900390625
2023-07-17,282.81317138671875,283.57102007144255,280.4923302553699,282.81317138671875,299707.0,NAM-INDIA.NS,277.71136474609375,248.318017578125,281.39227294921875
2023-07-18,284.1394114067087,284.1394114067087,280.39760744645247,282.8605651855469,377851.0,NAM-INDIA.NS,279.3488246372768,250.06966400146484,282.81317138671875
2023-07-19,284.1394350263639,284.18678792742844,280.11345553072533,281.39227294921875,284790.0,NAM-INDIA.NS,280.72239467075894,251.62673645019532,282.8605651855469
2023-07-20,284.186786407727,296.4541942512505,281.3922714444611,294.8911437988281,3268606.0,NAM-INDIA.NS,283.165047781808,253.59084828694662,281.39227294921875
2023-07-21,295.2700590236528,299.0592158726751,290.8177881624626,295.8384094238281,1132492.0,NAM-INDIA.NS,285.1746520996094,255.78275400797526,294.8911437988281
2023-07-24,295.3647877427726,300.148615981349,291.1019859567603,299.3434143066406,679645.0,NAM-INDIA.NS,288.36160714285717,258.25398610432944,295.8384094238281
2023-07-25,300.2906684654347,301.1906047452446,296.3594241711042,299.0592041015625,378173.0,NAM-INDIA.NS,290.8854544503348,260.7126790364583,299.3434143066406
2023-07-26,299.0592565907993,301.23801051204424,292.71240644094866,295.7437438964844,724463.0,NAM-INDIA.NS,292.73267909458707,263.06238962809243,299.0592041015625
2023-07-27,293.3281181175456,301.71163398010634,293.3281181175456,300.24334716796875,1024648.0,NAM-INDIA.NS,295.2159336635045,265.5866144816081,295.7437438964844
2023-07-28,301.8063519260358,305.50077411022534,298.96448425989416,302.1379089355469,795480.0,NAM-INDIA.NS,298.1795959472656,268.13873291015625,300.24334716796875
2023-07-31,303.70095532908704,303.70095532908704,296.0279062181184,299.6275939941406,447631.0,NAM-INDIA.NS,298.8562316894531,270.57344919840494,302.1379089355469
2023-08-01,301.2379846813539,305.4534334519625,296.2647160663316,299.4381408691406,596568.0,NAM-INDIA.NS,299.37047903878346,273.00644938151044,299.6275939941406
2023-08-02,299.58022633408274,302.13791888139406,293.84913791562894,296.54888916015625,974176.0,NAM-INDIA.NS,298.9712611607143,275.15612030029297,299.4381408691406
2023-08-03,295.5542202155899,297.9697960287634,294.60693104823224,296.1699523925781,285453.0,NAM-INDIA.NS,298.55851091657365,277.21498006184896,296.54888916015625
2023-08-04,297.78039945121,298.4908664314933,291.62301895542123,294.6543273925781,344588.0,NAM-INDIA.NS,298.4028799874442,279.2478454589844,296.1699523925781
2023-08-07,295.60160981999576,296.2173709824242,289.91787411000854,293.70703125,267510.0,NAM-INDIA.NS,297.46912057059154,281.3579747517904,294.6543273925781
2023-08-08,293.70702901612407,298.4908572143633,291.0072777015937,293.56494140625,248510.0,NAM-INDIA.NS,296.2444109235491,283.29474182128905,293.70703125
2023-08-09,295.08061252062834,301.2379928782016,293.6596785919576,299.3434143066406,596091.0,NAM-INDIA.NS,296.2038138253348,285.35667470296227,293.56494140625
2023-08-10,301.2380046848144,309.33731683208936,299.39077894155304,303.9851379394531,682740.0,NAM-INDIA.NS,296.8533848353795,287.5733317057292,299.3434143066406
2023-08-11,305.59550964931174,306.87435588436466,301.4274428427087,302.8009948730469,234140.0,NAM-INDIA.NS,297.74654279436385,288.5679860432943,303.9851379394531
2023-08-14,302.8010217387275,302.84840354954696,293.7070385935756,298.0645751953125,418967.0,NAM-INDIA.NS,298.0172031947545,289.4947509765625,302.8009948730469
2023-08-16,296.0278881583244,299.106578195171,293.7543997590632,297.4488220214844,378562.0,NAM-INDIA.NS,298.41641671316967,290.4088857014974,298.0645751953125
2023-08-17,298.3487754217566,303.5114847410072,293.28077190495225,301.1906433105469,492058.0,NAM-INDIA.NS,299.4855041503906,291.44300944010416,297.4488220214844
2023-08-18,301.94844864502835,301.94844864502835,293.6596677018315,295.88580322265625,258579.0,NAM-INDIA.NS,299.81705583844865,292.2639943440755,301.1906433105469
2023-08-21,294.60695085657545,299.15392760202656,294.1333062410504,298.3487548828125,262822.0,NAM-INDIA.NS,299.67496163504467,293.16234130859374,295.88580322265625
2023-08-22,299.1065979179608,300.1959748364211,292.2387504598286,293.9912414550781,650251.0,NAM-INDIA.NS,298.2472621372768,293.9028065999349,298.3487548828125
2023-08-23,298.3961317189938,298.3961317189938,293.65968518377167,294.6543273925781,2832796.0,NAM-INDIA.NS,297.0834524972098,294.46486511230466,293.9912414550781
2023-08-24,298.39612088330443,301.2379887012406,295.36478364724934,296.8330993652344,328964.0,NAM-INDIA.NS,296.9075273786272,294.96692911783856,294.6543273925781
2023-08-25,296.4068114940389,297.5909231002862,292.5703014533874,293.70703125,152507.0,NAM-INDIA.NS,296.37298583984375,295.5226725260417,296.8330993652344
2023-08-28,294.6069478284763,296.5015262711032,293.51757100576043,294.7964172363281,181446.0,NAM-INDIA.NS,295.4595249720982,295.969477335612,293.70703125
2023-08-29,294.749034466095,302.1379077135629,293.0912783342171,300.4327697753906,2310521.0,NAM-INDIA.NS,296.10909162248885,296.556797281901,294.7964172363281
2023-08-30,301.23795892182494,303.79565126871205,293.7543801895236,295.7910461425781,957656.0,NAM-INDIA.NS,295.7437046595982,296.98781331380206,300.4327697753906
2023-08-31,295.8384130816208,301.0011509158356,293.8017470318841,295.4595031738281,1877528.0,NAM-INDIA.NS,295.95345633370533,297.45672098795575,295.7910461425781
2023-09-01,296.0278726732571,302.1852524248609,293.1860050955938,300.5274963378906,1313654.0,NAM-INDIA.NS,296.79248046875,297.64459940592445,295.4595031738281
2023-09-04,301.19061624581343,302.1852583539223,295.7437032817537,300.2906799316406,578350.0,NAM-INDIA.NS,297.2864205496652,297.7930084228516,300.5274963378906
2023-09-05,301.99578138245056,309.6214766864773,299.8643807107799,305.5007629394531,1393417.0,NAM-INDIA.NS,298.9712393624442,297.9982533772787,300.2906799316406
2023-09-06,308.0110849941253,312.6054435062389,307.016442873831,309.4794006347656,778550.0,NAM-INDIA.NS,301.06880841936385,298.34559326171876,305.5007629394531
2023-09-07,309.71619996703663,323.97289014827754,309.71619996703663,315.02099609375,2133456.0,NAM-INDIA.NS,303.152840750558,298.98816833496096,309.4794006347656
2023-09-08,316.9630002678255,318.0050242622165,310.7108852104544,314.0263977050781,530918.0,NAM-INDIA.NS,305.7578909737723,299.4476033528646,315.02099609375
2023-09-11,315.7314781396889,323.7834363229408,314.7368360453466,318.6207275390625,969312.0,NAM-INDIA.NS,309.06663731166293,299.9970306396484,314.0263977050781
2023-09-12,319.6153889515777,322.978283153226,310.0951434995466,314.6421203613281,1026752.0,NAM-INDIA.NS,311.08301217215404,300.497514851888,318.6207275390625
2023-09-13,314.50001119579787,322.0783247185882,312.7949022167588,320.1837463378906,641283.0,NAM-INDIA.NS,313.9248788016183,301.1890350341797,314.6421203613281
2023-09-14,322.07832959927566,326.6253062182647,317.53135298028656,318.7628173828125,442236.0,NAM-INDIA.NS,315.8194580078125,301.92949930826825,320.1837463378906
2023-09-15,321.13103578293754,321.6520332744538,312.8422553608116,315.7314758300781,934896.0,NAM-INDIA.NS,316.71261160714283,302.5815500895182,318.7628173828125
2023-09-18,317.3418797050245,318.71546059867984,309.28992156325523,312.3212585449219,475064.0,NAM-INDIA.NS,316.3269348144531,303.1704477945963,315.7314758300781
2023-09-20,312.3212631987919,313.74219700968905,308.8162815683232,310.3793029785156,226438.0,NAM-INDIA.NS,315.80592128208707,303.7261901855469,312.3212585449219
2023-09-21,311.56344658750623,314.02640456194405,307.58484885246867,309.8583374023437,229110.0,NAM-INDIA.NS,314.5541512625558,304.26930338541666,310.3793029785156
2023-09-22,312.4159860823947,315.44732327505386,310.80561168733584,313.60009765625,227909.0,NAM-INDIA.NS,314.40529087611606,304.74452616373696,309.8583374023437
2023-09-25,313.6000758284959,315.16312612436985,309.7635661598299,312.3212585449219,131356.0,NAM-INDIA.NS,313.2820783342634,305.02239685058595,313.60009765625
2023-09-26,312.510688134823,317.1997810409008,310.9003139080375,313.4579772949219,315726.0,NAM-INDIA.NS,312.5242440359933,305.37762959798175,312.3212585449219
2023-09-27,313.55275306298904,315.77888866260275,308.0111049687515,314.0263977050781,532327.0,NAM-INDIA.NS,312.2806614467076,305.90969034830727,313.4579772949219
2023-09-28,314.0263824201158,318.6680939048628,310.56878248295595,315.39996337890625,830177.0,NAM-INDIA.NS,312.72047642299106,306.508061726888,314.0263977050781
2023-09-29,317.3418906623008,318.0997104793977,308.4847306187375,310.6635131835937,286571.0,NAM-INDIA.NS,312.7610778808594,306.8238240559896,315.39996337890625
2023-10-03,312.6054445400032,318.4312674973632,301.2379738294576,317.4839782714844,639264.0,NAM-INDIA.NS,313.8504551478795,307.54376322428385,310.6635131835937
2023-10-04,317.3892310591356,322.4572339996572,313.0790768148348,315.0683898925781,917871.0,NAM-INDIA.NS,314.0602111816406,308.10108439127606,317.4839782714844
2023-10-05,315.44736244375616,317.9576735102368,313.8369589397616,316.9156494140625,493695.0,NAM-INDIA.NS,314.716552734375,308.8652313232422,315.0683898925781
2023-10-06,316.9156494140625,319.8522522636527,314.54742597229256,316.9156494140625,580642.0,NAM-INDIA.NS,315.2105058942522,309.607275390625,316.9156494140625
2023-10-09,315.4473134116668,328.4251874189192,310.9950424695945,319.1891174316406,1984541.0,NAM-INDIA.NS,315.94803728376115,310.35247599283855,316.9156494140625
2023-10-10,318.76284387485896,323.9255820331531,316.394620666279,321.3678894042969,332700.0,NAM-INDIA.NS,316.80059814453125,311.2745045979818,319.1891174316406
2023-10-11,324.9201750132875,335.81400012306244,324.9201750132875,332.1669311523437,793917.0,NAM-INDIA.NS,319.8725149972098,312.5201883951823,321.3678894042969
2023-10-12,334.72468140323605,371.3374072268427,333.5879226746658,359.16473388671875,9091616.0,NAM-INDIA.NS,325.82690865652904,314.47792053222656,332.1669311523437
2023-10-13,358.0753111624373,377.0210948218255,355.5176188048312,373.51611328125,3886730.0,NAM-INDIA.NS,334.1765834263393,317.0687561035156,359.16473388671875
2023-10-16,369.4901624311601,376.8790359671842,363.75907400072776,366.5535888671875,846795.0,NAM-INDIA.NS,341.26771763392856,319.4385589599609,373.51611328125
2023-10-17,365.8904716806202,370.9110931264994,361.15402544527234,362.480224609375,599713.0,NAM-INDIA.NS,347.77694266183033,321.50364990234374,366.5535888671875
2023-10-18,361.8644963746691,363.711721990433,348.93400379124336,352.53369140625,722895.0,NAM-INDIA.NS,352.5404532296317,323.2450836181641,362.480224609375
2023-10-19,352.3915942771529,352.3915942771529,343.013436662862,346.3289489746094,657297.0,NAM-INDIA.NS,356.10631888253346,324.60602315266925,352.53369140625
2023-10-20,346.32892981752974,352.7704846747371,343.9133250643483,349.7865295410156,451264.0,NAM-INDIA.NS,358.6234043666295,325.94959411621096,346.3289489746094
2023-10-23,350.4969887589822,357.1280128706386,333.4457839004371,339.2716064453125,588617.0,NAM-INDIA.NS,355.78152901785717,326.75794779459636,349.7865295410156
2023-10-25,341.02414163749285,344.5764764462167,334.72467369181743,341.1662292480469,457152.0,NAM-INDIA.NS,351.16011701311385,327.66260884602866,339.2716064453125
2023-10-26,338.08755951004065,342.4924491572368,326.81482215097617,338.89276123046875,645297.0,NAM-INDIA.NS,347.2085702078683,328.3383433024089,341.1662292480469
2023-10-27,340.0768570209557,356.84388911176273,339.6979470846215,352.2021484375,399821.0,NAM-INDIA.NS,345.74027361188615,329.59034423828126,338.89276123046875
2023-10-30,352.29683751245534,358.54895183348606,348.7445031151619,351.3495483398437,402987.0,NAM-INDIA.NS,345.5711103166853,330.62920430501305,352.2021484375
2023-10-31,355.8491887514078,373.4687739776787,352.6757640911726,370.8163757324219,2434016.0,NAM-INDIA.NS,349.0693141392299,332.36432291666665,351.3495483398437
2023-11-01,370.43748059735066,370.9111252619216,356.70178532479304,363.6643676757813,563218.0,NAM-INDIA.NS,351.05186244419644,333.9620859781901,370.8163757324219
2023-11-02,366.2694060397126,370.2006508955982,361.485606586366,364.9432067871094,325416.0,NAM-INDIA.NS,354.71923392159596,335.7161509195964,363.6643676757813
2023-11-03,366.8850961685029,375.1265237849428,361.5802997674088,372.75830078125,977763.0,NAM-INDIA.NS,359.23238699776783,337.7954508463542,364.9432067871094
2023-11-06,374.7476462193433,385.3572688459012,366.8851278233224,382.4680480957031,1566642.0,NAM-INDIA.NS,365.4574279785156,340.2157745361328,372.75830078125
2023-11-07,382.4680573095186,393.0303272899554,375.1739180894992,384.0784606933594,2271345.0,NAM-INDIA.NS,370.0111868722098,342.56505330403644,382.4680480957031
2023-11-08,386.4939895589355,390.7567909143649,379.9103181241835,383.7468566894531,738450.0,NAM-INDIA.NS,374.6393737792969,344.94590657552084,384.0784606933594
2023-11-09,385.427460098538,387.0599993157192,372.6550863630409,384.4671325683594,715787.0,NAM-INDIA.NS,376.58948189871654,347.31287841796876,383.7468566894531
2023-11-10,381.2500003455255,384.1309827158947,376.5444016686294,381.6821594238281,349028.0,NAM-INDIA.NS,379.1634521484375,349.5680704752604,384.4671325683594
2023-11-13,384.13098110789946,395.94299705422014,380.4337145533623,386.723876953125,775284.0,NAM-INDIA.NS,382.2749764578683,351.94553426106773,381.6821594238281
2023-11-15,387.9722897376543,398.34381447324046,384.4190664504781,388.9326171875,976156.0,NAM-INDIA.NS,384.5855930873326,354.55450439453125,386.723876953125
2023-11-16,389.8929415301654,404.393891768646,388.93261408797287,400.6486206054688,1221767.0,NAM-INDIA.NS,387.1828177315848,357.3266591389974,388.9326171875
2023-11-17,400.2164594556514,407.3228766296031,395.8469813391105,404.3458557128906,855888.0,NAM-INDIA.NS,390.07815987723217,360.3025746663412,400.6486206054688
2023-11-20,403.5776074336347,408.3792446428391,399.8323362718288,401.1287841796875,357574.0,NAM-INDIA.NS,392.56129237583707,363.10967915852865,404.3458557128906
2023-11-21,402.0891440512155,405.2102084889215,394.88668765650925,395.7509765625,281986.0,NAM-INDIA.NS,394.1732700892857,365.7375233968099,401.1287841796875
2023-11-22,397.57556243532815,405.354220605219,388.93261542586447,393.06201171875,471683.0,NAM-INDIA.NS,395.79896327427457,368.1999532063802,395.7509765625
2023-11-23,393.9743624505382,404.1538399559724,393.9743624505382,402.5693054199219,379954.0,NAM-INDIA.NS,398.0625959123884,370.9066670735677,393.06201171875
2023-11-24,402.7133524693356,405.6423396905586,388.06835774948007,390.9973449707031,412102.0,NAM-INDIA.NS,398.35755702427457,372.867680867513,402.5693054199219
2023-11-28,393.4461672550157,396.8073133237561,386.9639569795878,390.2770690917969,296946.0,NAM-INDIA.NS,396.8759068080357,373.9047587076823,390.9973449707031
2023-11-29,392.2937612631487,395.17474359800656,389.8929426507671,393.7822570800781,228364.0,NAM-INDIA.NS,395.3668212890625,374.5802968343099,390.2770690917969
2023-11-30,394.6946077485821,403.00143487267104,393.7822848887024,401.5609436035156,476921.0,NAM-INDIA.NS,395.4285583496094,375.74720865885416,393.7822570800781
2023-12-01,404.297878944734,416.0138862093482,401.7049829627206,412.1245422363281,1053375.0,NAM-INDIA.NS,397.76763916015625,377.4020192464193,401.5609436035156
2023-12-04,416.59005568898704,426.2413645997291,415.2936370159813,423.93658447265625,784375.0,NAM-INDIA.NS,402.1782924107143,379.78211568196616,412.1245422363281
2023-12-05,423.5044238473487,430.5148028141376,420.6714460240348,426.8655700683594,761094.0,NAM-INDIA.NS,405.64918736049106,382.4666697184245,423.93658447265625
2023-12-06,427.0095806313497,436.8529366676714,417.98250876185256,433.73187255859375,1022670.0,NAM-INDIA.NS,411.7541198730469,385.2648478190104,426.8655700683594
2023-12-07,434.0200220571411,436.9490091871866,412.9408218692093,424.2726745605469,1225404.0,NAM-INDIA.NS,416.61063494001115,388.0982167561849,433.73187255859375
2023-12-08,427.24969856403055,430.2267196731427,414.9094843370319,416.3499755859375,380016.0,NAM-INDIA.NS,419.8345947265625,390.6043416341146,424.2726745605469
2023-12-11,418.2226241902978,426.289369289196,417.74246044266255,421.151611328125,325124.0,NAM-INDIA.NS,422.63326154436385,393.34630330403644,416.3499755859375
2023-12-12,423.4083859208803,429.1703508804936,420.6714467036901,424.9449157714844,462212.0,NAM-INDIA.NS,424.4647434779576,395.77106221516925,421.151611328125
2023-12-13,427.1056466748919,453.9948161114224,425.9052373250468,441.4145202636719,2244015.0,NAM-INDIA.NS,426.9615914481027,398.7732279459635,424.9449157714844
2023-12-14,441.41449501393294,443.1911066114519,422.54406697516544,424.80084228515625,884870.0,NAM-INDIA.NS,426.66663033621654,400.572710164388,441.4145202636719
2023-12-15,430.3227534430896,434.068024786734,421.1996423026604,430.9469604492188,1115598.0,NAM-INDIA.NS,426.26878574916293,402.8154632568359,424.80084228515625
2023-12-18,433.15567280658667,433.15567280658667,423.120268811433,426.4814147949219,651722.0,NAM-INDIA.NS,426.5843200683594,404.8667368570963,430.9469604492188
2023-12-19,428.5461411454167,436.2767656943119,424.94491306856446,431.2350463867188,726180.0,NAM-INDIA.NS,428.7107587541853,406.815961710612,426.4814147949219
2023-12-20,446.5522786491231,469.6001381923036,435.0283488775328,441.3665161132813,6318489.0,NAM-INDIA.NS,431.5986022949219,408.7792439778646,431.2350463867188
2023-12-21,436.80496111516254,441.750641786837,425.6651564609033,439.1097412109375,900623.0,NAM-INDIA.NS,433.6221487862723,410.6136199951172,441.3665161132813
2023-12-22,439.30181859734665,441.31848286512434,427.057643195333,437.2370910644531,968681.0,NAM-INDIA.NS,433.02537318638394,412.39662780761716,439.1097412109375
2023-12-26,437.2370956085723,439.10974594167817,423.31234696744747,425.9052429199219,858535.0,NAM-INDIA.NS,433.18314470563615,413.77789815266925,437.2370910644531
2023-12-27,429.2663911085722,431.1870461023466,419.6631161397004,421.19964599609375,484960.0,NAM-INDIA.NS,431.7906712123326,415.09514770507815,425.9052429199219
2023-12-28,422.1599433135043,424.3206800270332,415.1015308546032,417.3102722167969,924151.0,NAM-INDIA.NS,430.48050798688615,416.1146942138672,421.19964599609375
2023-12-29,419.5190697325482,431.18704287091055,416.2059281703693,430.0826721191406,889357.0,NAM-INDIA.NS,430.31588309151783,417.4863627115885,417.3102722167969
2024-01-01,430.08266894483006,439.9740302928865,429.4104279842608,437.8132934570313,472726.0,NAM-INDIA.NS,429.8082798549107,418.725185139974,430.0826721191406
2024-01-02,438.869655746281,452.9864813409548,435.9886733234389,448.2808532714844,1269708.0,NAM-INDIA.NS,431.1184387207031,420.18968505859374,437.8132934570313
2024-01-03,448.8570585731652,455.0031485876602,440.454193117876,441.8466796875,822519.0,NAM-INDIA.NS,431.7769513811384,421.5469482421875,448.2808532714844
2024-01-04,444.05544714763965,455.099213820658,442.7589991116069,452.79443359375,450586.0,NAM-INDIA.NS,435.6182643345424,423.4483968098958,441.8466796875
2024-01-05,455.6753826161205,463.8381660771048,454.23489141712327,461.4373474121094,926324.0,NAM-INDIA.NS,441.3665073939732,425.7275746663411,452.79443359375
2024-01-08,464.84650149526607,468.5918020847549,448.5209344573439,451.0177917480469,568937.0,NAM-INDIA.NS,446.18186732700894,427.342524210612,461.4373474121094
2024-01-09,453.7547533774329,478.2431051470086,453.7547533774329,472.14501953125,1605525.0,NAM-INDIA.NS,452.1907741001674,430.0474466959635,451.0177917480469
2024-01-10,480.1637313343442,483.4768728032985,461.5333844199453,464.8464965820313,1006907.0,NAM-INDIA.NS,456.0526602608817,432.53309427897136,472.14501953125
2024-01-11,467.3914130130696,482.18045087446313,467.3914130130696,480.4038391113281,838761.0,NAM-INDIA.NS,460.6416582380022,435.4204803466797,464.8464965820313
2024-01-12,482.94866525993456,499.8024294699828,478.7712350211944,494.1844787597656,1646773.0,NAM-INDIA.NS,468.1184866768973,438.5079315185547,480.4038391113281
2024-01-15,494.1844787597656,494.1844787597656,494.1844787597656,494.1844787597656,0.0,NAM-INDIA.NS,474.0313502720424,441.2432627360026,494.1844787597656
2024-01-16,488.3745141333533,498.40994773240817,478.57919170423605,481.5081787109375,988672.0,NAM-INDIA.NS,476.8986118861607,443.1623158772787,494.1844787597656
2024-01-17,481.028020193177,481.028020193177,465.1826170590183,467.0552673339844,554902.0,NAM-INDIA.NS,479.18967982700894,444.50197245279946,481.5081787109375
2024-01-18,469.5041124793229,492.16784751402565,463.50206555842016,490.5833129882813,1480835.0,NAM-INDIA.NS,481.823721749442,446.3970204671224,467.0552673339844
2024-01-19,493.1281802144504,496.2012399930626,473.4414661065707,477.13873291015625,868855.0,NAM-INDIA.NS,483.5797555106027,448.1592224121094,490.5833129882813
2024-01-23,490.3432083038843,490.4392469115256,464.7984919353215,467.0552673339844,711112.0,NAM-INDIA.NS,481.67281668526783,449.8493988037109,477.13873291015625
2024-01-24,467.1032987405072,485.9257239485031,465.5667688508376,477.474853515625,641901.0,NAM-INDIA.NS,479.28572736467635,451.7268402099609,467.0552673339844
2024-01-25,480.1637514747701,506.2846712777454,477.42681222999,496.0091552734375,1159116.0,NAM-INDIA.NS,479.546395438058,454.09564819335935,477.474853515625
2024-01-29,496.0091227155247,506.0445561853719,490.7273217959983,502.7314147949219,991081.0,NAM-INDIA.NS,482.57828630719865,456.13954467773436,496.0091552734375
2024-01-30,502.8274556723899,519.9213320673887,482.6125735153984,499.8504638671875,2506967.0,NAM-INDIA.NS,487.2633143833705,458.6411987304688,502.7314147949219
2024-01-31,499.322354460246,515.888005796378,498.4580361624277,503.9319152832031,1155284.0,NAM-INDIA.NS,489.1702575683594,461.07403055826825,499.8504638671875
2024-02-01,507.77313827128177,510.3660341043504,480.6438878577334,487.1741027832031,1282375.0,NAM-INDIA.NS,490.6038818359375,463.0971201578776,503.9319152832031
2024-02-02,490.4392408777802,491.87973205407263,477.2827430782287,485.3014831542969,703418.0,NAM-INDIA.NS,493.21048409598217,464.8993347167969,487.1741027832031
2024-02-05,488.7586720284321,489.3828790154693,467.1032702417506,470.944580078125,1095582.0,NAM-INDIA.NS,492.277587890625,465.88527018229166,485.3014831542969
2024-02-06,474.2097133976529,487.36621202633336,469.69619167827966,484.4852294921875,764778.0,NAM-INDIA.NS,490.63131277901783,467.3977864583333,470.944580078125
2024-02-07,486.8380149939236,492.8400615871672,467.6794705455427,479.6355590820313,661465.0,NAM-INDIA.NS,487.33190482003357,468.8110687255859,484.4852294921875
2024-02-08,479.635559756238,481.796296532843,470.1763284506159,475.26605224609375,345848.0,NAM-INDIA.NS,483.8198460170201,470.45642903645836,479.6355590820313
2024-02-09,477.282750054543,482.0843873790354,458.7004077473838,464.5104064941406,554300.0,NAM-INDIA.NS,478.1882019042969,471.9001210530599,475.26605224609375
2024-02-12,471.28070431594574,471.5207861826375,455.1952192475971,461.05322265625,400703.0,NAM-INDIA.NS,474.45664760044644,473.35821940104165,464.5104064941406
2024-02-13,461.053193142276,463.4540116555072,452.7943715953877,456.3955993652344,699315.0,NAM-INDIA.NS,470.32723563058033,474.2353169759115,461.05322265625
2024-02-14,456.1555737685079,478.8193091897488,454.5230052554304,469.792236328125,1282123.0,NAM-INDIA.NS,470.16261509486606,475.30128173828126,456.3955993652344
2024-02-15,474.4017966072894,478.099063434125,465.5187670149464,469.45611572265625,290875.0,NAM-INDIA.NS,468.0155988420759,476.007123819987,469.792236328125
2024-02-16,471.7608627585818,480.78793498358107,469.26400551161566,474.929931640625,781863.0,NAM-INDIA.NS,467.34336635044644,477.1098988850911,469.45611572265625
2024-02-19,480.3558012961931,498.7941000237586,480.25976269000273,490.4392395019531,993938.0,NAM-INDIA.NS,469.5109645298549,478.36472574869794,474.929931640625
2024-02-20,494.5686690123267,494.5686690123267,480.1637563226473,482.8046569824219,321103.0,NAM-INDIA.NS,472.12442888532365,479.07696940104165,490.4392395019531
2024-02-21,482.8046253628648,490.6793221735791,480.2597634823953,484.7732849121094,482258.0,NAM-INDIA.NS,475.5130092075893,480.2021525065104,482.8046569824219
2024-02-22,484.773287365626,488.5185878841091,476.3224174877834,480.11572265625,378252.0,NAM-INDIA.NS,478.90159824916293,480.4678426106771,484.7732849121094
2024-02-23,483.04473811026605,487.3662119104573,475.5541952460159,484.1491088867188,416643.0,NAM-INDIA.NS,480.9525800432478,481.11126302083335,480.11572265625
2024-02-26,482.0844038084255,507.0529187467104,482.0844038084255,500.9067993164063,1201167.0,NAM-INDIA.NS,485.4455348423549,481.79469502766926,484.1491088867188
2024-02-27,503.3075867192391,521.3137261784811,503.2595820700949,507.9652099609375,1844340.0,NAM-INDIA.NS,490.1648603166853,482.254052734375,500.9067993164063
2024-02-28,510.3660288468103,510.6541153555756,500.71474981389485,507.0048828125,877297.0,NAM-INDIA.NS,492.5313807896205,482.6813995361328,507.9652099609375
2024-02-29,507.4370460331765,511.1822879052302,492.6479799157475,495.19287109375,1569275.0,NAM-INDIA.NS,494.3011256626674,483.13755594889324,507.0048828125
2024-03-01,497.83380014409073,501.5790422311029,488.3265344352539,495.625,821112.0,NAM-INDIA.NS,495.8513706752232,484.0898803710937,495.19287109375
2024-03-04,496.5852995993785,500.5226773019151,491.30352794560673,493.272216796875,393106.0,NAM-INDIA.NS,497.73086983816967,484.17951049804685,495.625
2024-03-05,493.2722148569841,505.6604037113422,491.7836604283965,494.8567199707031,1100245.0,NAM-INDIA.NS,499.2605285644531,484.7701100667318,493.272216796875
2024-03-06,497.4496185588226,499.89844183091134,483.236784037032,487.6062622070313,382369.0,NAM-INDIA.NS,497.3604518345424,485.45514322916665,494.8567199707031
2024-03-07,488.7106382442759,489.9590815256603,470.7525323369926,472.6731872558594,912627.0,NAM-INDIA.NS,492.3187343052455,485.2950876871745,487.6062622070313
2024-03-11,477.2827431076717,489.7189953198441,472.9612695785278,483.6689147949219,1224603.0,NAM-INDIA.NS,488.98502458844865,484.8837463378906,472.6731872558594
2024-03-12,484.6292764410565,493.0321715363864,461.9655411388079,474.3057556152344,1142047.0,NAM-INDIA.NS,486.0011509486607,483.93622436523435,483.6689147949219
2024-03-13,476.6104886681825,479.2994230387114,415.101528901832,427.5377807617188,1558137.0,NAM-INDIA.NS,476.274405343192,481.5258015950521,474.3057556152344
2024-03-14,423.50441487630206,460.1409020478783,420.4313552451552,453.7547302246094,1300869.0,NAM-INDIA.NS,470.6290501185826,479.8532287597656,427.5377807617188
2024-03-15,456.15552011672906,469.312017367053,432.6274985528136,445.9760437011719,1648188.0,NAM-INDIA.NS,463.6460963657924,478.47996012369794,453.7547302246094
2024-03-18,445.97608032278833,448.04077856411897,425.4730825578145,428.1139831542969,631992.0,NAM-INDIA.NS,455.14719935825894,476.57371012369794,445.9760437011719
2024-03-19,430.94696536291735,432.6755431391183,413.90115224828384,417.50238037109375,630062.0,NAM-INDIA.NS,447.2656555175781,474.79230346679685,428.1139831542969
2024-03-20,420.23928757222814,432.4834622564452,412.9407932716351,423.6964721679688,628266.0,NAM-INDIA.NS,438.6981637137277,472.76601155598956,417.50238037109375
2024-03-21,429.21838312739646,442.7109726312632,427.2496941899255,428.3540649414063,739187.0,NAM-INDIA.NS,432.1336364746094,471.05662841796874,423.6964721679688
2024-03-22,431.2350467646865,437.0450456512218,426.6254865450231,430.8509216308594,504860.0,NAM-INDIA.NS,432.606942313058,469.5761240641276,428.3540649414063
2024-03-26,433.49182032391553,444.96774547801937,427.6338168113892,436.9490051269531,830275.0,NAM-INDIA.NS,430.2061244419643,468.65741068522135,430.8509216308594
2024-03-27,441.75063951673445,465.56674922880217,441.75063951673445,446.4082336425781,1934914.0,NAM-INDIA.NS,430.2678658621652,468.16924438476565,436.9490051269531
2024-03-28,450.105497748948,457.11587657024,441.27047328576737,452.4582824707031,804648.0,NAM-INDIA.NS,433.74562290736606,468.0380004882812,446.4082336425781
2024-04-01,459.9968545446073,471.0406203635279,453.80273068863926,467.29534912109375,1227044.0,NAM-INDIA.NS,440.85890415736606,467.95477091471355,452.4582824707031
2024-04-02,468.5437635476988,470.80053894814057,456.1555451307838,466.671142578125,1753567.0,NAM-INDIA.NS,446.9981427873884,467.8619384765625,467.29534912109375
2024-04-03,464.030236399114,491.39956877344434,459.6127242597783,484.6772766113281,2337735.0,NAM-INDIA.NS,455.04431588309154,468.1868499755859,466.671142578125
2024-04-04,485.4455214415392,505.1322339826897,480.3557977268181,500.8107604980469,1252081.0,NAM-INDIA.NS,465.03857857840404,468.5325673421224,484.6772766113281
2024-04-05,503.54766772293306,512.2866825605413,494.56862964001135,510.84619140625,995996.0,NAM-INDIA.NS,475.59531947544644,469.46728515625,500.8107604980469
2024-04-08,511.8545280182309,511.8545280182309,493.2241521458066,496.2012023925781,608614.0,NAM-INDIA.NS,482.70860072544644,469.8482157389323,510.84619140625
2024-04-09,498.74606246766734,508.0132462656458,493.2241793560842,504.84417724609375,624686.0,NAM-INDIA.NS,490.19229997907365,470.67249755859376,496.2012023925781
2024-04-10,504.89217460548485,529.2364528742056,497.4976412575119,524.3388061523438,1859863.0,NAM-INDIA.NS,498.3413652692522,472.0121541341146,504.84417724609375
2024-04-12,528.1801481172271,539.3199241592938,518.5768726969138,521.2177734375,1585002.0,NAM-INDIA.NS,506.1337411063058,472.68918660481773,524.3388061523438
2024-04-15,504.1718726064644,526.0673250654846,504.1718726064644,514.2553100585938,1451233.0,NAM-INDIA.NS,510.3591744559152,472.8988566080729,521.2177734375
2024-04-16,513.8231766170175,533.9420478775983,509.02153949581606,531.3011474609375,1471461.0,NAM-INDIA.NS,514.7149440220425,473.70873209635414,514.2553100585938
2024-04-18,532.501557600803,536.0547807989747,527.2197567589557,531.685302734375,663527.0,NAM-INDIA.NS,517.6919599260602,474.925146484375,531.3011474609375
2024-04-19,529.4285560356807,546.378360400706,525.4912366046859,538.8878173828125,1607045.0,NAM-INDIA.NS,523.7900477818081,476.3672403971354,531.685302734375
2024-04-22,542.5850477759222,558.7185383587238,542.5370431227609,554.8292236328125,1088579.0,NAM-INDIA.NS,530.9307686941964,478.419140625,538.8878173828125
2024-04-23,556.7978271782928,561.6955321954387,535.5746146118635,540.3282470703125,1329774.0,NAM-INDIA.NS,533.2149745396206,479.934858194987,554.8292236328125
2024-04-24,542.5850444798878,598.2840401964072,536.1508384243695,561.1673583984375,4500326.0,NAM-INDIA.NS,538.9220581054688,482.38689473470055,540.3282470703125
2024-04-25,564.8166523734827,590.5534180974236,551.2279945671416,558.3824462890625,3428605.0,NAM-INDIA.NS,545.2259347098214,485.2438700358073,561.1673583984375
2024-04-26,555.0692732744284,567.6495395865376,554.5891095432221,557.0859375,866199.0,NAM-INDIA.NS,548.9094761439732,487.69110412597655,558.3824462890625
2024-04-29,562.223753333338,568.7059640359965,556.4137836114808,563.76025390625,1322583.0,NAM-INDIA.NS,553.4916120256696,490.6729207356771,557.0859375
2024-04-30,565.632844077449,570.4344811239469,559.7268070647632,565.2967529296875,635438.0,NAM-INDIA.NS,557.2643171037946,495.2648864746094,563.76025390625
2024-05-02,567.5535297584847,567.6015344088134,556.9899276817616,560.1589965820312,433607.0,NAM-INDIA.NS,558.0257132393973,498.8116953531901,565.2967529296875
2024-05-03,562.6559391099396,579.0775168896721,561.8396255182178,574.9481201171875,1492695.0,NAM-INDIA.NS,562.9714093889509,503.1107645670573,560.1589965820312
2024-05-06,571.3948383808589,574.7559844889817,556.9899264889045,562.3677368164062,437083.0,NAM-INDIA.NS,563.1428920200893,507.5858896891276,574.9481201171875
2024-05-07,562.2237263516193,571.3948419236124,548.1549055377533,551.8041381835938,1000851.0,NAM-INDIA.NS,562.2031337193081,512.0626149495442,562.3677368164062
2024-05-08,551.2279332927872,565.536835146055,542.3929093987971,556.8458251953125,826356.0,NAM-INDIA.NS,562.1688319614956,516.5009267171224,551.8041381835938
2024-05-09,556.8458884938426,556.9419564139948,540.8564704693817,552.236328125,799418.0,NAM-INDIA.NS,560.5225568498884,520.6303354899088,556.8458251953125
2024-05-10,553.0525822253492,554.7811598511068,542.9210810972941,549.7394409179688,333714.0,NAM-INDIA.NS,558.3000837053571,524.5932861328125,552.236328125
2024-05-13,543.6893914744314,553.0525838055843,535.9107042156949,540.7123413085938,340246.0,NAM-INDIA.NS,555.521990094866,528.0520640055339,549.7394409179688
2024-05-14,541.6246641896379,543.8814101782677,532.4055444148823,538.599609375,292143.0,NAM-INDIA.NS,550.329345703125,531.1251098632813,540.7123413085938
2024-05-15,538.359589968492,544.9378687184094,536.1508483718463,539.84814453125,332066.0,NAM-INDIA.NS,547.1122610909598,534.0381052652995,538.599609375
2024-05-16,536.919033358423,563.7121916363781,536.919033358423,556.65380859375,877302.0,NAM-INDIA.NS,547.8050711495536,537.0167205810546,539.84814453125
2024-05-17,560.5431774616719,571.8750303195636,551.4200661467503,569.810302734375,585835.0,NAM-INDIA.NS,549.6571393694196,540.454692586263,556.65380859375
2024-05-21,567.4094521049794,577.5409536241439,563.8082241565759,576.00439453125,415030.0,NAM-INDIA.NS,553.0525774274554,543.4989298502604,569.810302734375
2024-05-22,579.0774575597911,581.9584399357104,566.5932005974738,569.8583374023438,215661.0,NAM-INDIA.NS,555.9267054966518,545.8005157470703,576.00439453125
2024-05-23,571.3948578482766,599.1963504696926,569.8583573062809,595.4510498046875,1736857.0,NAM-INDIA.NS,563.7465209960938,548.6206776936849,569.8583374023438
2024-05-24,592.5220668134893,597.1796317375973,582.2945555048436,586.7120971679688,888326.0,NAM-INDIA.NS,570.6197335379464,551.6377075195312,595.4510498046875
2024-05-27,586.7120682105108,592.5700422191048,578.309203009974,583.3029174804688,368948.0,NAM-INDIA.NS,576.8275582449777,554.252998860677,586.7120971679688
2024-05-28,584.83947813984,592.2340119999888,576.1965301870346,582.24658203125,704379.0,NAM-INDIA.NS,580.4836687360491,556.1832580566406,583.3029174804688
2024-05-29,580.9981051234976,591.5617070348338,578.5972865072847,586.8560791015625,1009017.0,NAM-INDIA.NS,582.9187796456473,558.3712015787761,582.24658203125
2024-05-30,585.7997474085199,591.5617121371282,574.3238226012942,577.060791015625,422067.0,NAM-INDIA.NS,583.0696934291294,560.4647176106771,586.8560791015625
2024-05-31,578.1171271099236,585.5116602259372,570.4345074805558,574.5639038085938,684629.0,NAM-INDIA.NS,583.7419172014509,561.9068094889323,577.060791015625
2024-06-03,599.1963807132882,610.9603930862895,594.058593202549,598.956298828125,1626429.0,NAM-INDIA.NS,584.2426670619419,564.1491760253906,574.5639038085938
2024-06-04,604.0460585298526,604.0460585298526,493.0322117590533,524.7230224609375,1341704.0,NAM-INDIA.NS,575.3870849609375,563.6770161946614,598.956298828125
2024-06-05,542.4889879831688,552.1882715687079,478.2910641986357,524.290771484375,4258481.0,NAM-INDIA.NS,566.9567783900669,562.6590677897135,524.7230224609375
2024-06-06,532.9817880636706,597.3237336497353,532.1174698267192,589.64111328125,1965902.0,NAM-INDIA.NS,568.0131399972098,564.3028299967448,524.290771484375
2024-06-07,600.2046870339545,600.2046870339545,571.6349439311383,583.4469604492188,1590106.0,NAM-INDIA.NS,567.526123046875,565.0454833984375,589.64111328125
2024-06-10,588.1045864333518,590.1212507446727,571.3948644313756,575.572265625,455851.0,NAM-INDIA.NS,567.3134765625,565.618477376302,583.4469604492188
2024-06-11,577.6850249856518,592.3780247526191,575.2362014601142,587.432373046875,853706.0,NAM-INDIA.NS,569.1518293108259,566.6300252278646,575.572265625
2024-06-12,587.6724121090386,630.9351532866954,586.2799255426598,623.2045288085938,3124946.0,NAM-INDIA.NS,572.6158621651786,568.6115010579427,587.432373046875
2024-06-13,628.7264457750109,628.7264457750109,610.2881454715334,615.2818603515625,1345217.0,NAM-INDIA.NS,585.5528390066964,570.2776713053386,623.2045288085938
2024-06-14,619.219116213738,629.9747951711137,616.7702929857436,620.8516845703125,637255.0,NAM-INDIA.NS,599.3472551618304,572.3007609049479,615.2818603515625
2024-06-18,620.9476906451615,637.9454978201271,619.9393585698955,628.6303100585938,988688.0,NAM-INDIA.NS,604.9171404157366,574.0901672363282,620.8516845703125
2024-06-19,632.8557751671366,641.3066448123271,617.0103726022538,625.2691650390625,667127.0,NAM-INDIA.NS,610.8917410714286,576.1868815104167,628.6303100585938
2024-06-20,631.6073929149834,633.8161343878298,617.4425626388918,627.0458374023438,777411.0,NAM-INDIA.NS,618.2451084681919,578.6949381510417,625.2691650390625
2024-06-21,627.093838347457,648.0289654853138,624.6930196707822,638.089599609375,2373849.0,NAM-INDIA.NS,625.4818551199777,581.4030639648438,627.0458374023438
2024-06-24,633.8161334473043,633.8161334473043,613.649256473981,625.50927734375,766669.0,NAM-INDIA.NS,625.8111049107143,583.8454956054687,638.089599609375
2024-06-25,624.2128834281206,651.39014032232,624.2128834281206,645.7242431640625,810580.0,NAM-INDIA.NS,630.1600167410714,587.0449890136719,625.50927734375
2024-06-26,646.3003268793204,649.0852997274135,629.0144340355941,634.2482299804688,495368.0,NAM-INDIA.NS,632.0738089425223,590.162851969401,645.7242431640625
2024-06-27,640.2503366445192,648.2210429311474,629.686734463419,635.9768676757812,462080.0,NAM-INDIA.NS,633.1233171735491,593.408760579427,634.2482299804688
2024-06-28,638.6623861397682,651.0157420679203,625.8207562160964,629.3363647460938,474315.0,NAM-INDIA.NS,633.704345703125,596.3917012532552,635.9768676757812
2024-07-01,637.685825130944,655.8984686335377,631.7289063487125,648.1837158203125,621193.0,NAM-INDIA.NS,636.7240426199777,599.4426981608073,629.3363647460938
2024-07-02,648.1837099348633,653.652354681888,628.896887680681,635.4885864257812,535193.0,NAM-INDIA.NS,636.3524693080357,601.6319742838542,648.1837158203125
2024-07-03,638.6135424880104,646.3771105950293,629.4339679357007,643.0568237304688,559614.0,NAM-INDIA.NS,638.8592616489956,603.8670552571615,635.4885864257812
2024-07-04,648.4278653301717,648.4278653301717,633.2425560071221,635.0979614257812,797738.0,NAM-INDIA.NS,637.3412214006696,606.0417093912761,643.0568237304688
2024-07-05,632.8518697183405,645.498177244718,627.9691301022685,642.7638549804688,485063.0,NAM-INDIA.NS,638.5577392578125,607.6188028971354,635.0979614257812
2024-07-08,636.7580738816276,659.1698610790671,636.7580738816276,651.7969360351562,1108576.0,NAM-INDIA.NS,640.8177490234375,609.7882975260417,642.7638549804688
2024-07-09,658.8281415169866,669.8143066749933,645.6935588073288,647.5978393554688,904471.0,NAM-INDIA.NS,643.426531110491,611.9314615885417,651.7969360351562
2024-07-10,652.3340435267918,657.7538728359409,642.7150698701828,651.4063110351562,763581.0,NAM-INDIA.NS,643.8869018554688,614.2367858886719,647.5978393554688
2024-07-11,655.849583143795,661.0741504685437,648.4278425226887,649.9902954101562,414215.0,NAM-INDIA.NS,645.9585745675223,616.341259765625,651.4063110351562
2024-07-12,650.0392093905814,658.1933614663532,644.0334152627001,647.5978393554688,1684615.0,NAM-INDIA.NS,646.6072910853794,618.6924947102865,649.9902954101562
2024-07-15,650.6738882189135,662.5877851489757,641.98264721208,655.5078125,411128.0,NAM-INDIA.NS,649.5229840959821,621.390625,647.5978393554688
2024-07-16,658.1933504116279,664.931555436871,643.0568564481557,646.8654174804688,679402.0,NAM-INDIA.NS,650.1089215959821,622.9875956217448,655.5078125
2024-07-18,651.0645310594244,658.1933191832394,634.7561683517887,636.6116333007812,558109.0,NAM-INDIA.NS,647.9395926339286,626.717215983073,646.8654174804688
2024-07-19,636.6115841035793,638.418173832388,611.2213393316601,620.30322265625,430800.0,NAM-INDIA.NS,644.0403616768973,629.9176310221354,636.6116333007812
2024-07-22,621.0845125978474,659.8534791571753,621.0845125978474,623.77001953125,2384814.0,NAM-INDIA.NS,640.0923200334821,631.0552612304688,620.30322265625
2024-07-23,630.0199595943311,646.9630433794438,566.0071911663841,613.6627807617188,2686007.0,NAM-INDIA.NS,634.9026750837054,632.0624552408855,623.77001953125
2024-07-24,610.3424679740313,625.8696042007933,606.6315976895005,617.7153930664062,758700.0,NAM-INDIA.NS,630.6337541852679,633.467226155599,613.6627807617188
2024-07-25,605.4597015623873,632.7542274487329,603.6531117782592,624.0629272460938,868815.0,NAM-INDIA.NS,626.1416277204241,634.6882446289062,617.7153930664062
2024-07-26,622.8911151966289,649.3556016415425,620.3521142493906,636.9534301757812,1955484.0,NAM-INDIA.NS,624.7256295340402,635.1465413411458,624.0629272460938
2024-07-29,656.2402567405941,656.2402567405941,632.5101522345657,635.5862426757812,1209618.0,NAM-INDIA.NS,624.5791451590402,635.8233540852865,636.9534301757812
2024-07-30,637.9787619455562,644.4728296355373,625.6254661764941,631.5335693359375,1398029.0,NAM-INDIA.NS,626.1834803989956,636.1794169108073,635.5862426757812
2024-07-31,631.6311874342634,644.4728165193006,627.3344123165506,629.8734130859375,702769.0,NAM-INDIA.NS,627.0553937639509,636.2208536783854,631.5335693359375
2024-08-01,633.1937097140219,657.5585331946804,631.8753342294858,642.8126831054688,1568574.0,NAM-INDIA.NS,631.2196655273438,636.8056376139323,629.8734130859375
2024-08-02,643.3497801679636,650.0391694150503,623.2329161572691,625.3324584960938,599317.0,NAM-INDIA.NS,632.3078177315848,636.748524983724,642.8126831054688
2024-08-05,620.1079261423884,622.9887544129347,585.0010166707416,587.6865234375,1075043.0,NAM-INDIA.NS,627.1111886160714,635.0684224446615,625.3324584960938
2024-08-06,597.6473659206081,609.3659417229729,582.999146167652,587.1494750976562,635508.0,NAM-INDIA.NS,619.996337890625,633.7897623697917,587.6865234375
2024-08-07,604.4831598015325,621.5727483258084,590.1278935203898,620.40087890625,781581.0,NAM-INDIA.NS,617.8270002092634,632.9456502278646,587.1494750976562
2024-08-08,623.5747112617212,634.75619774271,614.2486898156378,627.9691772460938,756314.0,NAM-INDIA.NS,617.3178013392857,632.7363484700521,620.40087890625
2024-08-09,629.9710751724609,645.986485812645,617.1783205345301,644.2775268554688,1197134.0,NAM-INDIA.NS,619.3755318777902,633.013037109375,627.9691772460938
2024-08-12,639.6389024183411,640.6154503609645,623.1352183465027,624.8441772460938,617906.0,NAM-INDIA.NS,616.8086024693081,632.8632975260417,644.2775268554688
2024-08-13,629.7757767762627,653.2129268312079,627.9203118887442,630.3128662109375,1562368.0,NAM-INDIA.NS,617.5200892857143,632.2676025390625,624.8441772460938
2024-08-14,630.3617220357737,648.7696276448888,620.1079682303892,624.01416015625,821265.0,NAM-INDIA.NS,622.7097516741071,631.8851216634115,630.3128662109375
2024-08-16,630.7523520282207,674.9899627531703,630.7523520282207,670.741943359375,3570929.0,NAM-INDIA.NS,634.6515328543527,632.807958984375,624.01416015625
2024-08-19,686.7085358813702,709.4620913785402,675.9176928678712,698.3782958984375,3908264.0,NAM-INDIA.NS,645.7911638532366,634.9173034667969,670.741943359375
2024-08-20,704.1399389745573,706.4348625873153,677.3336838639067,687.4898071289062,1320879.0,NAM-INDIA.NS,654.2941109793527,636.4081685384115,698.3782958984375
2024-08-21,690.3217973334017,718.05572446147,690.3217973334017,713.9053955078125,1037157.0,NAM-INDIA.NS,664.240949358259,638.4784505208333,687.4898071289062
2024-08-22,719.6182754141522,722.1084609985026,695.3510208276577,699.9896240234375,665807.0,NAM-INDIA.NS,674.9760131835938,640.224843343099,713.9053955078125
2024-08-23,698.231799332565,706.8254095574449,687.4897716505254,690.81005859375,517378.0,NAM-INDIA.NS,683.6184692382812,641.5383015950521,699.9896240234375
2024-08-26,697.0599432102562,701.9426831593386,680.3609964258978,683.4859619140625,577046.0,NAM-INDIA.NS,692.1144409179688,642.6548238118489,690.81005859375
2024-08-27,688.4175135769206,696.6693559664923,680.2633021442929,681.6304931640625,640823.0,NAM-INDIA.NS,693.6699480329241,643.7892456054688,683.4859619140625
2024-08-28,685.2437106915305,699.0130129903555,678.7984584380591,680.1656494140625,454975.0,NAM-INDIA.NS,691.0681413922991,644.6111735026042,681.6304931640625
2024-08-29,683.583535694159,685.536631510428,657.2167421745272,660.9276123046875,649616.0,NAM-INDIA.NS,687.2735421316964,645.0799133300782,680.1656494140625
2024-08-30,667.8611446321686,671.5720147979866,651.5039670137395,657.2655639648438,1145374.0,NAM-INDIA.NS,679.1821376255581,645.7683776855469,660.9276123046875
2024-09-02,660.7323350707405,668.740040374703,654.8730472293668,668.0076293945312,979648.0,NAM-INDIA.NS,674.61328125,647.3585245768229,657.2655639648438
2024-09-03,671.8649944879735,679.775009099018,663.4667058983766,674.6481323242188,496505.0,NAM-INDIA.NS,672.3044346400669,649.0544616699219,668.0076293945312
2024-09-04,673.8181310355643,682.6070631795064,668.056473899698,671.5720825195312,385421.0,NAM-INDIA.NS,670.6024518694196,650.9847717285156,674.6481323242188
2024-09-05,673.8180440840018,693.3490018835381,670.3024955215865,691.0541381835938,893559.0,NAM-INDIA.NS,671.9486868722098,653.4293965657552,671.5720825195312
2024-09-06,693.3978993526774,697.2552758949772,668.4471097340503,671.0838012695312,556681.0,NAM-INDIA.NS,670.6512799944196,654.9967590332031,691.0541381835938
2024-09-09,671.0349894935114,672.8903949518602,646.9630571846828,656.58203125,746567.0,NAM-INDIA.NS,670.0304827008929,655.651045735677,671.0838012695312
2024-09-10,664.6874183800072,672.1091593199515,657.363308398315,658.388671875,626347.0,NAM-INDIA.NS,670.1909266880581,656.4111267089844,656.58203125
2024-09-11,661.8065953673025,670.1560688950793,655.6543548522964,659.560546875,428468.0,NAM-INDIA.NS,668.9842006138393,657.3453592936198,658.388671875
2024-09-12,663.4667424094641,667.6170714555547,651.3087077536943,656.58203125,598760.0,NAM-INDIA.NS,666.4033290318081,658.2356465657552,659.560546875
2024-09-13,657.9003585276429,668.2029273649482,655.7519411407566,658.2421264648438,568517.0,NAM-INDIA.NS,664.4990495954241,658.7499613444011,656.58203125
2024-09-16,658.2909568631583,662.7342977700274,649.2090727439255,651.8457641601562,299417.0,NAM-INDIA.NS,658.8978533063616,659.6337381998698,658.2421264648438
2024-09-17,653.2617837148043,655.0683736378858,639.3947904658883,642.9103393554688,359369.0,NAM-INDIA.NS,654.8730730329241,661.474532063802,651.8457641601562
2024-09-18,643.2033439869106,655.8984675910862,642.1291054581486,653.0176391601562,421526.0,NAM-INDIA.NS,654.3638741629464,663.6701375325521,642.9103393554688
2024-09-19,657.6562096465902,661.4158953028156,624.7465327717064,637.002197265625,937542.0,NAM-INDIA.NS,651.3086635044643,664.2235148111979,653.0176391601562
2024-09-20,644.4240515911458,654.8242520700379,635.8792565573386,649.6485595703125,1336231.0,NAM-INDIA.NS,649.8926653180804,664.9461608886719,637.002197265625
2024-09-23,655.3124985059408,681.5816625463531,651.5528126907226,678.1149291992188,1415118.0,NAM-INDIA.NS,652.9687935965402,666.0740743001302,649.6485595703125
2024-09-24,677.7730741106492,679.6773544814561,664.6384926241287,666.4939575195312,493509.0,NAM-INDIA.NS,654.1476266043527,667.4624003092448,678.1149291992188
2024-09-25,673.8181151392553,681.6304990828987,669.2771431305086,672.206787109375,608339.0,NAM-INDIA.NS,657.0563441685268,668.8588643391927,666.4939575195312
2024-09-26,674.2575272834154,674.2575272834154,652.3340144286476,658.4374389648438,691644.0,NAM-INDIA.NS,659.2745012555804,670.0063069661459,672.206787109375
2024-09-27,658.4374556885036,671.5232220679758,635.0491203510082,642.3732299804688,1643965.0,NAM-INDIA.NS,657.7538713727679,669.0606831868489,658.4374389648438
2024-09-30,645.9376234887187,649.1114041790141,632.1682622701078,636.269775390625,477686.0,NAM-INDIA.NS,657.6492396763393,666.9903991699218,642.3732299804688
2024-10-01,640.0295709851383,674.4040122546122,637.929968983185,669.1795043945312,1083315.0,NAM-INDIA.NS,660.4393746512277,666.3800557454427,636.269775390625
2024-10-03,655.8495983110034,662.9784462347983,638.1741037472651,643.5939331054688,1081956.0,NAM-INDIA.NS,655.5078037806919,664.0363403320313,669.1795043945312
2024-10-04,650.3809443659343,664.9803483561614,637.1487313675291,643.7892456054688,1228661.0,NAM-INDIA.NS,652.2642735072544,662.1629943847656,643.5939331054688
2024-10-07,653.310619285601,653.310619285601,613.2721508390993,616.2506103515625,906027.0,NAM-INDIA.NS,644.2705339704241,659.6776794433594,643.7892456054688
2024-10-08,615.2251970309618,624.9906763489136,610.3424573719859,618.5942993164062,935890.0,NAM-INDIA.NS,638.5786568777902,657.5146240234375,616.2506103515625
2024-10-09,632.803082280238,642.5197464674839,626.3578895429608,629.9710693359375,1496845.0,NAM-INDIA.NS,636.8069196428571,655.7926432291666,618.5942993164062
2024-10-10,634.6586029167726,638.8577476201524,624.0142053071178,626.26025390625,799783.0,NAM-INDIA.NS,635.3769880022321,653.9957967122396,629.9710693359375
2024-10-11,631.0941087803811,691.8354028150817,629.1898283689193,683.8276977539062,3744808.0,NAM-INDIA.NS,637.4695870535714,654.7591328938802,626.26025390625
2024-10-14,683.8277369553656,693.2025739132498,668.6912429563537,680.7515869140625,1147065.0,NAM-INDIA.NS,642.7778233119419,655.5420003255208,683.8276977539062
2024-10-15,685.5367061663679,698.2318303546341,680.8492876176065,690.46826171875,1013912.0,NAM-INDIA.NS,649.4462541852679,656.2906880696614,680.7515869140625
2024-10-16,690.5170396244429,731.0437800201956,687.4897647857812,701.8450317382812,4216892.0,NAM-INDIA.NS,661.6740286690848,657.1972513834636,690.46826171875
2024-10-17,703.1145906633459,709.9016114800849,683.4859988488324,691.00537109375,623526.0,NAM-INDIA.NS,672.0184674944196,657.8450276692708,701.8450317382812
2024-10-18,690.3706030202746,699.1107193194699,672.7927394658628,686.9038696289062,900554.0,NAM-INDIA.NS,680.1517246791294,657.7066853841146,691.00537109375
2024-10-21,686.9038404965636,699.5012730806994,681.6304578123867,684.9507446289062,461539.0,NAM-INDIA.NS,688.5360804966518,658.1689168294271,686.9038696289062
2024-10-22,688.4175207825516,691.1030277679689,639.638936526674,644.3263549804688,1281673.0,NAM-INDIA.NS,682.8930315290179,657.7603942871094,684.9507446289062
2024-10-23,644.5216412576091,678.6031882504609,639.7365325037395,673.9157104492188,1220147.0,NAM-INDIA.NS,681.9164777483259,658.2779622395833,644.3263549804688
2024-10-24,673.8181299752256,677.6755065530823,647.5489645448321,663.2714233398438,944051.0,NAM-INDIA.NS,678.0312151227679,658.4016581217448,673.9157104492188
2024-10-25,681.5816953824229,722.6455272750719,654.2871665868895,665.5662841796875,4598214.0,NAM-INDIA.NS,672.8485369001116,658.7011332194011,663.2714233398438
2024-10-28,668.00759936508,686.9526530420403,654.8242023146323,661.9041748046875,838243.0,NAM-INDIA.NS,668.6912231445312,658.8232014973959,665.5662841796875
2024-10-29,663.9549559270379,667.4216891289573,648.3301891769738,654.970703125,882099.0,NAM-INDIA.NS,664.1293422154018,658.9273661295573,661.9041748046875
2024-10-30,655.8496095342647,680.6051369672704,652.3340605941235,670.5955200195312,982748.0,NAM-INDIA.NS,662.078595842634,659.8502054850261,654.970703125
2024-10-31,670.2536397846396,693.349021890523,669.8630563796302,691.5912475585938,1310313.0,NAM-INDIA.NS,668.8307233537946,661.1359924316406,670.5955200195312
2024-11-01,695.3021941259277,703.1145783295898,693.3490980750122,696.7182006835938,177784.0,NAM-INDIA.NS,672.0882219587054,663.1265258789062,691.5912475585938
2024-11-04,698.8177164186717,698.8177164186717,679.0426196603311,686.7085571289062,890257.0,NAM-INDIA.NS,675.4363839285714,664.3618591308593,696.7182006835938
2024-11-05,688.2709542874443,703.0656789491136,683.8276732226002,701.014892578125,954874.0,NAM-INDIA.NS,680.500470842634,665.1251912434896,686.7085571289062
2024-11-06,706.4959046761236,735.7274685792784,700.1755372116891,727.6295166015625,1467693.0,NAM-INDIA.NS,689.8898053850446,667.1630432128907,701.014892578125
2024-11-07,725.7038000070295,729.5059178527383,701.2124807181706,710.1004638671875,926007.0,NAM-INDIA.NS,697.7654854910714,668.4261657714844,727.6295166015625
2024-11-08,713.7050505019517,713.7050505019517,689.6580824338183,694.44775390625,655518.0,NAM-INDIA.NS,701.1729474748884,669.6265096028645,710.1004638671875
2024-11-11,694.4477442693502,702.2988079045159,686.3497922197171,688.8680419921875,484832.0,NAM-INDIA.NS,700.783918108259,671.1763366699219,694.44775390625
2024-11-12,692.4726518996954,709.0635416549065,678.350646342447,683.3871459960938,1209270.0,NAM-INDIA.NS,698.8794817243304,672.7469156901042,688.8680419921875
2024-11-13,681.2145122081641,691.2875717371468,652.9211356159323,661.7103271484375,668242.0,NAM-INDIA.NS,695.3083060128348,672.4979431152344,683.3871459960938
2024-11-14,657.710736002555,679.288759312262,656.9700707593089,671.4871215820312,459926.0,NAM-INDIA.NS,691.0900530133929,673.4277160644531,661.7103271484375
2024-11-18,664.2285780203257,679.8319743133668,652.6742482375574,669.0182495117188,469603.0,NAM-INDIA.NS,682.7170148577009,674.2686828613281,671.4871215820312
2024-11-19,668.968847760764,693.2626427556818,666.5986949573863,678.943115234375,608890.0,NAM-INDIA.NS,678.2659650530134,676.3584330240885,669.0182495117188
2024-11-21,679.3382098265334,681.3133172134104,660.8215780745618,666.5493774414062,546318.0,NAM-INDIA.NS,674.2804827008929,677.9569356282552,678.943115234375
2024-11-22,667.2406565124055,677.4618128142014,665.8086916459652,670.7464599609375,623734.0,NAM-INDIA.NS,671.6916852678571,679.3161153157552,666.5493774414062
2024-11-25,690.1518298144747,695.5340091499469,679.4368970453938,685.5103759765625,812423.0,NAM-INDIA.NS,671.9950038364956,681.2911193847656,670.7464599609375
2024-11-26,688.324871855135,699.1879616548574,682.6958041765447,697.064697265625,667205.0,NAM-INDIA.NS,677.0456281389509,681.732352701823,685.5103759765625
2024-11-27,697.0647169991254,707.9772330090741,686.4485153034036,688.0780029296875,426495.0,NAM-INDIA.NS,679.415754045759,681.9765665690104,697.064697265625
2024-11-28,688.2261383871231,698.1510401625363,679.4862527292901,682.4489135742188,318683.0,NAM-INDIA.NS,681.3344203404018,681.7092549641927,688.0780029296875
2024-11-29,685.7572690500211,687.7817419490225,670.0551421251026,676.968017578125,410545.0,NAM-INDIA.NS,681.052263532366,680.8800211588542,682.4489135742188
2024-12-02,676.9186752412074,686.1522779466645,664.6236199930721,669.7589111328125,933274.0,NAM-INDIA.NS,681.5107683454241,680.171805826823,676.968017578125
2024-12-03,673.4128878277722,683.3377903941159,668.178805030895,673.8572387695312,857192.0,NAM-INDIA.NS,681.9551653180804,679.7369181315104,669.7589111328125
2024-12-04,673.8572026738271,701.1630849515009,672.6227606228562,698.8917236328125,1748889.0,NAM-INDIA.NS,683.8667864118304,680.2016174316407,673.8572387695312
2024-12-05,700.0768392091444,710.0511074286114,694.2502482925089,698.2991943359375,1183624.0,NAM-INDIA.NS,684.0431431361607,682.0007120768229,698.8917236328125
2024-12-06,698.8917052303129,714.9888170960235,690.4481338790973,710.1497802734375,864843.0,NAM-INDIA.NS,687.1962541852679,683.2085144042969,698.2991943359375
2024-12-09,707.3353117446168,733.7523722530544,697.904186309787,725.4075317382812,1940671.0,NAM-INDIA.NS,693.3331996372768,685.2797180175781,710.1497802734375
2024-12-10,731.0365859135499,802.8811136071814,723.086791124198,795.8695068359375,9867184.0,NAM-INDIA.NS,710.3191266741071,689.6231587727865,725.4075317382812
2024-12-11,802.7329863597625,806.0906929889952,774.2914523712678,779.8711547851562,2264700.0,NAM-INDIA.NS,726.0494471958706,693.5553914388021,795.8695068359375
2024-12-12,779.6242659980977,781.1055965205051,764.6134379826044,767.5267333984375,995346.0,NAM-INDIA.NS,739.4308035714286,697.3072591145833,779.8711547851562
2024-12-13,766.4897972375315,793.1043201513023,753.9478537017694,763.4283447265625,1593605.0,NAM-INDIA.NS,748.6503208705357,700.4016866048177,767.5267333984375
2024-12-16,765.3540813432668,780.1673861434591,762.7864659547635,774.4889526367188,599715.0,NAM-INDIA.NS,759.5345720563616,703.1649434407552,763.4283447265625
2024-12-17,768.3167630041144,769.5018394751577,747.8250241450716,752.9109497070312,622666.0,NAM-INDIA.NS,765.643310546875,705.0380350748698,774.4889526367188
2024-12-18,756.4661058228888,765.3540887894762,743.6279082044847,745.5536499023438,488230.0,NAM-INDIA.NS,768.5213274274554,706.9995381673177,752.9109497070312
2024-12-19,735.4312359281228,743.6279193989353,725.3088107304612,740.8134155273438,633517.0,NAM-INDIA.NS,760.6561715262277,708.3261555989583,745.5536499023438
2024-12-20,742.5415969713256,762.2432436286828,736.4187524228921,740.912109375,1057374.0,NAM-INDIA.NS,755.090593610491,708.7689086914063,740.8134155273438
2024-12-23,751.5283449709052,751.5283449709052,723.7781108765262,736.5175170898438,541669.0,NAM-INDIA.NS,750.6607055664062,709.6494771321615,740.912109375
2024-12-24,732.9623538186999,749.9976548095677,726.1482093121554,742.837890625,500457.0,NAM-INDIA.NS,747.7192121233259,711.2624816894531,736.5175170898438
2024-12-26,736.7150028091168,755.1329019895405,727.3332433899658,731.5797119140625,626214.0,NAM-INDIA.NS,741.5893205915179,712.6862040201823,742.837890625
2024-12-27,732.9623453383517,758.441217948718,719.2353252262183,722.1486206054688,395308.0,NAM-INDIA.NS,737.1947021484375,713.9782531738281,731.5797119140625
2024-12-30,725.851942904909,738.7888717907044,700.2249132737802,708.026611328125,1391071.0,NAM-INDIA.NS,731.8336966378348,715.522129313151,722.1486206054688
2024-12-31,711.6311703117095,721.7042300813566,696.620402330033,717.9515380859375,559702.0,NAM-INDIA.NS,728.5677141462054,717.0709431966146,708.026611328125
2025-01-01,709.8535654857777,747.429970550087,709.8535654857777,744.5661010742188,647742.0,NAM-INDIA.NS,729.0897129603794,719.5892049153646,717.9515380859375
2025-01-02,736.7150543618413,754.5403864504841,729.5059244640695,748.4175415039062,783082.0,NAM-INDIA.NS,730.7897164481027,721.905019124349,744.5661010742188
2025-01-03,750.5407799363254,761.3051389166616,744.6154579894597,748.8125610351562,453417.0,NAM-INDIA.NS,731.6432407924107,724.6471252441406,748.4175415039062
2025-01-06,752.1208443440975,758.737465929978,709.1128944491111,720.8648071289062,1070991.0,NAM-INDIA.NS,730.1125401088169,726.3177368164063,748.8125610351562
2025-01-07,727.8270339253286,728.3208107461735,710.2979567853359,713.75439453125,458492.0,NAM-INDIA.NS,728.9133649553571,727.2592041015625,720.8648071289062
2025-01-08,713.7543741499452,717.1614461715837,689.3617878416427,692.7688598632812,774679.0,NAM-INDIA.NS,726.7336861746652,727.1160095214843,713.75439453125
2025-01-09,692.6701586136084,692.768889869038,666.1049411499162,669.2157592773438,726697.0,NAM-INDIA.NS,719.7714320591518,726.4872680664063,692.7688598632812
2025-01-10,666.5986923701846,671.388303308871,654.7974145760887,659.290771484375,1074873.0,NAM-INDIA.NS,707.5892421177456,725.7153299967448,669.2157592773438
2025-01-13,657.7107288728646,662.895385519385,622.3563203669289,627.8865966796875,1051210.0,NAM-INDIA.NS,690.3705357142857,724.0792826334635,659.290771484375
2025-01-14,630.8986363332393,647.835205840016,623.0969985257664,627.6890869140625,887166.0,NAM-INDIA.NS,673.0671822684152,722.6769551595052,627.8865966796875
2025-01-15,635.9845410267181,665.3148960453154,632.0836921128381,652.0322875976562,1434233.0,NAM-INDIA.NS,663.2339651925223,721.9494567871094,627.6890869140625
2025-01-16,656.5750459869835,681.7576650551614,650.6003582239458,677.1162109375,1754258.0,NAM-INDIA.NS,657.9999389648438,721.2236063639323,652.0322875976562
2025-01-17,676.9680067954693,686.3497661894254,668.9688465802919,679.1900024414062,504312.0,NAM-INDIA.NS,656.0601021902902,720.5866333007813,677.1162109375
2025-01-20,679.1900419644346,684.8191099834696,663.4879143758884,681.1157836914062,325023.0,NAM-INDIA.NS,657.7601056780134,719.6188334147135,679.1900024414062
2025-01-21,681.1157814181407,683.0908887673158,644.9219151343094,651.6372680664062,680207.0,NAM-INDIA.NS,656.666748046875,717.159824625651,681.1157836914062
2025-01-22,654.7480582960245,655.7356119284469,633.2687667908382,634.8982543945312,1303117.0,NAM-INDIA.NS,657.6684134347098,711.7941162109375,651.6372680664062
2025-01-23,633.0218968050588,654.7480773506302,625.3189903030909,646.0576171875,1083004.0,NAM-INDIA.NS,660.2924891880581,707.3336649576823,634.8982543945312
2025-01-24,632.0343200495005,641.9098563002739,608.3823986738001,613.221435546875,1903125.0,NAM-INDIA.NS,654.7480817522321,702.1901550292969,646.0576171875
2025-01-27,608.1355146812277,609.2712254685053,566.9545161615231,572.1885986328125,1085603.0,NAM-INDIA.NS,639.7584228515625,695.8154968261719,613.221435546875
2025-01-28,574.6574815085796,575.447512357621,542.9076081882822,562.3624267578125,1798075.0,NAM-INDIA.NS,623.0687691824777,688.7446126302083,572.1885986328125
2025-01-29,560.1898300128604,581.61975711649,557.2765345755881,565.5226440429688,1551204.0,NAM-INDIA.NS,606.5554635184152,682.4983357747395,562.3624267578125
2025-01-30,559.9429267482244,574.9537544762911,554.2644931877265,565.9669799804688,2064782.0,NAM-INDIA.NS,594.3168509347098,676.5121134440104,565.5226440429688
2025-01-31,572.5835988446223,583.2491662957623,564.041295868347,576.5338134765625,879552.0,NAM-INDIA.NS,585.9790736607143,671.0361267089844,565.9669799804688
2025-02-01,581.6690760253832,585.5699248382065,552.2893561412488,574.9043579101562,1025460.0,NAM-INDIA.NS,575.8143223353794,665.5025349934896,576.5338134765625
2025-02-03,574.7562223735608,574.8055880007971,553.2275649308178,562.9055786132812,794591.0,NAM-INDIA.NS,568.6263427734375,659.7154703776042,574.9043579101562
2025-02-04,566.6583052907072,579.8421834507174,562.0167908105032,573.1267700195312,761185.0,NAM-INDIA.NS,568.7603672572544,654.0584330240886,562.9055786132812
2025-02-05,575.743755164532,633.5650070286167,575.743755164532,622.50439453125,2756675.0,NAM-INDIA.NS,577.3520769391741,650.4225891113281,573.1267700195312
2025-02-06,622.1587989104438,622.4550529500648,589.6188941186803,597.66748046875,1403355.0,NAM-INDIA.NS,581.9441964285714,646.2732177734375,622.50439453125
2025-02-07,602.4077408840158,603.6421829759912,584.5330435024085,592.1865844726562,535425.0,NAM-INDIA.NS,585.6898542131696,642.4118835449219,597.66748046875
2025-02-10,592.1865609293114,594.5072878597639,565.2757243941311,571.9417114257812,458074.0,NAM-INDIA.NS,585.0338396344866,637.5448893229167,592.1865844726562
2025-02-11,566.8557735299369,568.9296120058264,531.3038434827631,534.1183471679688,1236359.0,NAM-INDIA.NS,579.2072666713169,630.5299641927083,571.9417114257812
2025-02-12,533.8714977026417,551.7956211855786,509.6270668045306,546.1171875,1950350.0,NAM-INDIA.NS,576.8089250837054,623.7866190592448,534.1183471679688
2025-02-13,546.7590936789807,558.9553569510197,539.4511726757853,544.2407836914062,1094054.0,NAM-INDIA.NS,572.682355608259,616.9675598144531,546.1171875
2025-02-14,548.3885260455544,549.0304600238678,507.6025726341354,510.76275634765625,1235077.0,NAM-INDIA.NS,556.7192644391741,609.9641581217448,544.2407836914062
2025-02-17,503.6523738913049,519.0088214715196,497.2826406369927,514.861083984375,803102.0,NAM-INDIA.NS,544.8897792271206,603.3343811035156,510.76275634765625
2025-02-18,515.3054986478588,516.3918438621645,498.6158474678957,507.9482116699219,867007.0,NAM-INDIA.NS,532.8557259695871,597.1736928304036,514.861083984375
2025-02-19,505.0349529529449,526.26738750618,495.8507156562279,515.404296875,1167155.0,NAM-INDIA.NS,524.7789524623325,592.0466440836589,507.9482116699219
2025-02-20,516.8361684294936,535.2540677491388,513.132842314993,529.625,666668.0,NAM-INDIA.NS,524.1370457240513,587.7244517008463,515.404296875
2025-02-21,532.0938676381518,544.1913992384531,520.095127563146,525.5266723632812,1118358.0,NAM-INDIA.NS,521.1955435616629,584.3124542236328,529.625
2025-02-24,513.5279185156452,537.8217151659956,506.8125654824625,523.2059326171875,895256.0,NAM-INDIA.NS,518.1905648367746,580.829682413737,525.5266723632812
2025-02-25,523.4034655937645,537.2292175151092,519.8482963527596,531.0570068359375,699673.0,NAM-INDIA.NS,521.0897434779575,576.797173055013,523.2059326171875
2025-02-27,531.3038868727458,533.970293899139,513.5772860270043,517.9225463867188,865488.0,NAM-INDIA.NS,521.527095249721,571.4907175699869,531.0570068359375
2025-02-28,513.5279070267959,517.8237413696115,502.71418231411394,506.9112854003906,1022439.0,NAM-INDIA.NS,521.3789629255023,565.7480936686198,517.9225463867188
2025-03-03,505.6274797312127,513.5279091020128,493.7274700465434,507.8001098632813,1294961.0,NAM-INDIA.NS,520.2926504952568,559.9709045410157,506.9112854003906
2025-03-04,507.5038435415804,519.4532185656897,500.0477954205852,512.7872314453125,964105.0,NAM-INDIA.NS,517.8872549874442,555.3425699869791,507.8001098632813
2025-03-05,513.527888852097,534.6615606958218,510.3677051732938,531.8963623046875,1262631.0,NAM-INDIA.NS,518.7972106933594,551.9091735839844,512.7872314453125
2025-03-06,533.8221299530547,536.8341566235594,525.7736036220664,529.2300415039062,1062765.0,NAM-INDIA.NS,519.6577976771763,548.0149210611979,531.8963623046875
2025-03-07,524.3909890441349,534.0690027755386,520.6382972228345,522.3665161132812,1307707.0,NAM-INDIA.NS,518.4162990025112,544.9864237467448,529.2300415039062
2025-03-10,523.4034589200013,527.1561509099893,511.5528145670956,515.1574096679688,811234.0,NAM-INDIA.NS,518.0212794712612,543.0853841145833,522.3665161132812
2025-03-11,494.76440955062407,539.2043265761292,494.76440955062407,528.2918701171875,1953667.0,NAM-INDIA.NS,521.0756487165179,541.9496988932292,515.1574096679688
2025-03-12,523.4528122428429,531.0076219503973,508.590141521441,517.6262817382812,1187180.0,NAM-INDIA.NS,522.4793875558036,540.3531534830729,528.2918701171875
2025-03-13,517.5274516182203,532.8838980310553,512.7378407721794,517.9718627929688,933956.0,NAM-INDIA.NS,523.2200491768973,538.7533162434896,517.6262817382812
2025-03-17,518.5150358213082,536.9823012718713,514.515455563485,534.2171630859375,1026120.0,NAM-INDIA.NS,523.5515921456473,537.3427612304688,517.9718627929688
2025-03-18,534.2171630859375,534.2171630859375,534.2171630859375,534.2171630859375,0.0,NAM-INDIA.NS,524.2640380859375,535.9865214029948,534.2171630859375
2025-03-19,539.2043202605322,562.2143094180165,537.2292128603104,556.7333984375,1067097.0,NAM-INDIA.NS,529.1735927036831,535.7807820638021,534.2171630859375
2025-03-20,572.1391681689066,576.2869054463611,540.4387209368066,547.9935302734375,848151.0,NAM-INDIA.NS,533.8644670758929,534.9430074055989,556.7333984375
2025-03-21,548.2404274451808,575.7437722134486,547.4009706857502,556.0914306640625,2583275.0,NAM-INDIA.NS,537.8358328683036,532.7292419433594,547.9935302734375
2025-03-24,562.9056022673126,586.0637483104263,558.115990989797,582.903564453125,1242892.0,NAM-INDIA.NS,547.1611589704241,532.2371114095052,556.0914306640625
2025-03-25,587.5450875437052,597.2724674062156,573.3242901129998,593.519775390625,1284377.0,NAM-INDIA.NS,557.9537179129464,532.2815511067708,582.903564453125
2025-03-26,597.5193386000211,602.1608529244843,577.7188994847451,582.113525390625,985828.0,NAM-INDIA.NS,564.7960553850446,532.6206115722656,593.519775390625
2025-03-27,572.8305071685693,587.49571566465,566.4114081685626,582.4097900390625,731120.0,NAM-INDIA.NS,571.6807163783482,534.2303263346354,582.113525390625
2025-03-28,582.4591612743044,589.3226715570047,566.8558248407553,571.3491821289062,1236326.0,NAM-INDIA.NS,573.7686854771206,535.0713928222656,582.4097900390625
2025-04-01,575.2993564315678,575.2993564315678,558.1653250216478,562.1155395507812,422941.0,NAM-INDIA.NS,575.786115373884,535.6672180175781,571.3491821289062
2025-04-02,567.8433542351974,590.4583571488481,556.7827411932569,586.3599853515625,1139687.0,NAM-INDIA.NS,580.1101946149554,538.1871256510417,562.1155395507812
2025-04-03,579.1014760780365,585.9155599989941,574.2624391529658,576.7313232421875,475613.0,NAM-INDIA.NS,579.2284458705357,540.2494669596355,586.3599853515625
2025-04-04,576.7313196291277,581.1259453355093,553.6719664904537,557.3258666992188,643986.0,NAM-INDIA.NS,574.0578874860491,541.8953887939454,576.7313232421875
2025-04-07,491.8510683743227,537.2291692673523,491.8510683743227,525.8229370117188,1391701.0,NAM-INDIA.NS,566.016374860491,542.2426767985027,557.3258666992188
2025-04-08,541.8213527584007,561.6217920646371,523.5021837024566,548.6354370117188,1769629.0,NAM-INDIA.NS,561.1914672851562,542.8763580322266,525.8229370117188
2025-04-09,548.6354430441147,548.6354430441147,515.5030286415075,520.1939086914062,876946.0,NAM-INDIA.NS,553.8835710797991,542.698599243164,548.6354370117188
2025-04-11,538.216730633049,549.7217545815479,517.576835568301,544.2407836914062,1570284.0,NAM-INDIA.NS,551.3300345284598,543.399760945638,520.1939086914062
2025-04-15,549.9686564921692,582.6566584761425,549.9686564921692,574.0155639648438,1599472.0,NAM-INDIA.NS,549.5665457589286,544.8317128499349,544.2407836914062
2025-04-16,574.0649308008678,580.9284407965288,565.0782166004002,573.7686767578125,688803.0,NAM-INDIA.NS,549.143310546875,546.6932505289714,574.0155639648438
2025-04-17,573.7686850827147,594.3591550929558,571.3985321528988,589.42138671875,901102.0,NAM-INDIA.NS,553.7283848353794,549.4435872395833,573.7686767578125
2025-04-21,590.5571141280801,639.6385452001783,588.8288951486084,625.763427734375,3330954.0,NAM-INDIA.NS,568.005597795759,553.3756978352865,589.42138671875
2025-04-22,631.0468122443557,663.5867186084553,627.1459630869639,653.711181640625,2543439.0,NAM-INDIA.NS,583.0164184570312,558.0731628417968,625.763427734375
2025-04-23,652.772987710144,669.5614004046561,643.2430705115912,662.2534790039062,1182670.0,NAM-INDIA.NS,603.3106427873884,562.4184000651042,653.711181640625
2025-04-24,664.1298053243323,672.4252797909955,655.7355996064783,662.5497436523438,1151080.0,NAM-INDIA.NS,620.2119227818081,566.8623901367188,662.2534790039062
2025-04-25,661.7103255431005,668.0306931509894,624.2326516540318,632.2318725585938,1655087.0,NAM-INDIA.NS,628.5285382952009,570.5245686848958,662.5497436523438
2025-04-28,636.873396997396,636.873396997396,617.6654657258978,627.738525390625,623976.0,NAM-INDIA.NS,636.2385166713169,574.2772725423177,632.2318725585938
2025-04-29,630.0592041984188,635.9845258679965,611.5425739809888,614.9496459960938,951057.0,NAM-INDIA.NS,639.8854108537946,577.1658650716146,627.738525390625
2025-04-30,607.839291818279,646.8476622924009,607.839291818279,630.7505493164062,1954738.0,NAM-INDIA.NS,640.5978567940848,580.9366739908854,614.9496459960938
2025-05-02,631.0467952983996,634.0094563091902,614.8508909958806,622.4057006835938,525923.0,NAM-INDIA.NS,636.1256452287946,584.417801920573,630.7505493164062
2025-05-05,627.6890876273997,649.7115826567118,623.2945220226956,645.070068359375,565026.0,NAM-INDIA.NS,633.6708722795759,588.1128987630208,622.4057006835938
2025-05-06,650.7978410979589,657.8588736510235,626.1090003886281,627.8372192382812,822184.0,NAM-INDIA.NS,628.7119402204241,591.2335673014323,645.070068359375
2025-05-07,620.1836980505216,655.9331525728634,620.1836980505216,646.3045043945312,915984.0,NAM-INDIA.NS,630.7223161969866,594.2192708333333,627.8372192382812
2025-05-08,646.9464019211104,651.3903935516108,625.1214893570722,631.5405883789062,666472.0,NAM-INDIA.NS,631.2654680524554,597.0041727701823,646.3045043945312
2025-05-09,617.2210611766448,630.1579905087095,605.3704168020531,616.4310302734375,1069004.0,NAM-INDIA.NS,631.4770943777902,599.0154927571615,631.5405883789062
2025-05-12,645.8600921310403,679.6344392792298,641.0210550981493,663.9323120117188,1962676.0,NAM-INDIA.NS,636.2173461914062,601.7164510091146,616.4310302734375
2025-05-13,661.6609406704359,709.0635155244373,656.9700608671754,696.1265869140625,1689297.0,NAM-INDIA.NS,646.7489013671875,605.1366780598959,663.9323120117188
2025-05-14,703.7801163293154,703.8788475818106,680.0294033816803,693.31201171875,1084439.0,NAM-INDIA.NS,653.640607561384,608.8432942708333,696.1265869140625
2025-05-15,697.2128840519633,710.8411125066625,689.9543887602027,703.4838256835938,721390.0,NAM-INDIA.NS,664.447265625,612.8790954589844,693.31201171875
2025-05-16,706.1008533769209,721.9017116343066,702.3975272228462,718.7908935546875,731179.0,NAM-INDIA.NS,674.8024640764509,617.7938191731771,703.4838256835938
2025-05-19,718.9390355003021,740.4676923654056,706.1008384377967,739.6282958984375,778194.0,NAM-INDIA.NS,690.2435651506696,623.7109110514323,718.7908935546875
2025-05-20,739.6777127605338,748.6644272165858,718.7909281364708,736.56689453125,702367.0,NAM-INDIA.NS,707.4058314732143,628.7178080240885,739.6282958984375
2025-05-21,740.6158978188522,746.936205234979,723.3830739675304,732.2710571289062,481425.0,NAM-INDIA.NS,717.1685093470982,633.9024658203125,736.56689453125
2025-05-22,729.4071347029706,733.9499178633125,707.6315877926885,710.8905029296875,488608.0,NAM-INDIA.NS,719.2776402064732,639.0212870279948,732.2710571289062
2025-05-23,710.5941988834119,723.7780759437501,703.2369123213417,716.2232666015625,821955.0,NAM-INDIA.NS,722.5506766183036,645.3679646809895,710.8905029296875
2025-05-26,724.518794650956,727.8270754290722,713.1125012186125,715.4332885742188,469230.0,NAM-INDIA.NS,724.2577427455357,650.9278930664062,716.2232666015625
2025-05-27,716.0257934107549,740.6652701184612,707.3846985927062,735.8262329101562,673316.0,NAM-INDIA.NS,726.6913626534598,658.1156372070312,715.4332885742188
2025-05-28,735.7768559604518,741.0603043046393,722.889292513768,725.7037963867188,407432.0,NAM-INDIA.NS,724.7021484375,664.164404296875,735.8262329101562
2025-05-29,725.8519632774644,730.394686148323,718.6428333843652,723.7286987304688,410419.0,NAM-INDIA.NS,722.8681204659598,669.1548421223958,725.7037963867188
2025-05-30,726.3457257063072,738.8876693949477,721.012911767675,731.7279052734375,1364330.0,NAM-INDIA.NS,722.79052734375,674.4201497395833,723.7286987304688
2025-06-02,734.6905544276976,737.702581023364,726.7901251797902,731.6785278320312,405172.0,NAM-INDIA.NS,725.7602451869419,679.1620544433594,731.7279052734375
2025-06-03,735.7274724938223,750.3432545231651,720.2228680653643,724.37060546875,1084800.0,NAM-INDIA.NS,726.9241507393973,682.4489603678386,731.6785278320312
2025-06-04,726.8395076287618,742.6403664902566,720.9141855557012,738.0482177734375,729031.0,NAM-INDIA.NS,730.1548549107143,685.260194905599,724.37060546875
2025-06-05,738.6901341660732,745.2079641808713,727.3332671300975,736.7150268554688,747197.0,NAM-INDIA.NS,730.2818254743304,687.742246500651,738.0482177734375
2025-06-06,737.1101001227095,790.0429539255218,735.6781352136206,780.6611938476562,3126298.0,NAM-INDIA.NS,738.1328822544643,691.6792948404948,736.7150268554688
2025-06-09,792.0180328629413,811.7197403739194,791.9193016074443,796.4126586914062,1177356.0,NAM-INDIA.NS,748.5163051060268,697.1519877115885,780.6611938476562
2025-06-10,798.930929344231,799.3259749275281,765.4034697597916,769.798095703125,1135968.0,NAM-INDIA.NS,753.9549037388393,701.8873067220052,796.4126586914062
2025-06-11,770.2918621061261,771.871923866916,741.7021713228579,744.5661010742188,1505980.0,NAM-INDIA.NS,755.7959856305804,706.2078552246094,769.798095703125
2025-06-12,745.6030196550864,755.9229675451461,722.8892852814878,727.1851196289062,571122.0,NAM-INDIA.NS,756.1980590820312,709.4223409016927,744.5661010742188
2025-06-13,707.0884071210062,731.7278825248042,705.1626654655086,726.345703125,767084.0,NAM-INDIA.NS,754.5262712751116,712.8870076497395,727.1851196289062
2025-06-16,720.914157987007,739.134534719996,712.0261752173042,736.4187622070312,1325835.0,NAM-INDIA.NS,754.4839477539062,715.9319641113282,726.345703125
2025-06-17,740.615848276777,756.4660717991949,730.789677717238,752.4664916992188,730357.0,NAM-INDIA.NS,750.4561331612723,720.0862731933594,736.4187622070312
2025-06-18,750.5408045737075,756.6636495082233,726.8395160082221,736.3200073242188,701577.0,NAM-INDIA.NS,741.8714686802456,723.0867899576823,752.4664916992188
2025-06-19,735.6781007496677,749.4544861684672,720.9141616847248,725.6050415039062,741019.0,NAM-INDIA.NS,735.5581752232143,726.2222717285156,736.3200073242188
2025-06-20,725.6050328064462,753.9971997927481,723.3830371292573,749.9976196289062,1031916.0,NAM-INDIA.NS,736.3341064453125,730.674491373698,725.6050415039062
2025-06-23,750.9851856063673,766.8354096423965,743.973518522256,764.90966796875,883106.0,NAM-INDIA.NS,741.7233276367188,734.0404032389323,749.9976196289062
2025-06-24,770.1931279763108,776.7109580596212,760.5150538322243,772.5138549804688,670202.0,NAM-INDIA.NS,748.3187779017857,736.5866455078125,764.90966796875
2025-06-25,776.1184242313116,784.1175845478632,768.563614829187,782.7349853515625,645949.0,NAM-INDIA.NS,754.9353812081473,739.5674112955729,772.5138549804688
2025-06-26,784.1176322886308,793.6475495368451,768.1686160355348,785.4508056640625,758828.0,NAM-INDIA.NS,759.6474260602679,742.2996439615886,782.7349853515625
2025-06-27,789.5491483113412,798.8815424196506,769.5511867687463,773.9951782226562,1775772.0,NAM-INDIA.NS,765.0295933314732,744.1397867838542,785.4508056640625
2025-06-30,782.833789943275,795.9682414253443,782.4881100006863,790.09228515625,717031.0,NAM-INDIA.NS,774.2420567103794,745.8219197591146,773.9951782226562
2025-07-01,794.7831532605805,803.2761506854608,789.3022426423412,797.5977172851562,728763.0,NAM-INDIA.NS,781.0420706612723,747.8562805175782,790.09228515625
2025-07-02,800.8566547942444,804.1649354539792,782.7844348225515,790.3885498046875,898159.0,NAM-INDIA.NS,784.6819109235491,749.7935302734375,797.5977172851562
2025-07-03,790.388559649339,798.1408921631227,788.1665638806641,793.4500122070312,578812.0,NAM-INDIA.NS,787.6727905273438,752.5455139160156,790.3885498046875
2025-07-04,801.2999877929688,802.3499755859375,784.0999755859375,789.7000122070312,453710.0,NAM-INDIA.NS,788.6677943638393,754.9947387695313,793.4500122070312
2025-07-07,786.0,798.0,775.5499877929688,779.2000122070312,503837.0,NAM-INDIA.NS,787.7748238699777,757.1202962239583,789.7000122070312
2025-07-08,782.3499755859375,803.25,772.1500244140625,788.0999755859375,665253.0,NAM-INDIA.NS,789.789794921875,758.8627543131511,779.2000122070312
2025-07-09,790.7000122070312,810.7999877929688,782.75,801.0,620818.0,NAM-INDIA.NS,791.3480398995536,761.372627766927,788.0999755859375
2025-07-10,807.7000122070312,820.0,803.5,815.0999755859375,2233566.0,NAM-INDIA.NS,793.8483625139509,764.4183369954427,801.0
2025-07-11,820.0,828.5,797.0,804.8499755859375,1009673.0,NAM-INDIA.NS,795.9142804827009,766.8557393391927,815.0999755859375
2025-07-14,800.0,819.0,799.1500244140625,809.7000122070312,944341.0,NAM-INDIA.NS,798.2357090541294,769.456455485026,804.8499755859375
2025-07-15,813.0999755859375,850.8499755859375,811.7000122070312,845.5999755859375,1755070.0,NAM-INDIA.NS,806.221418108259,773.4974344889323,809.7000122070312
2025-07-16,851.0,875.1500244140625,847.5999755859375,869.4000244140625,1440037.0,NAM-INDIA.NS,819.1071341378348,777.8758280436198,845.5999755859375
2025-07-17,875.0,876.7000122070312,845.0,850.4500122070312,989253.0,NAM-INDIA.NS,828.0142822265625,781.6669942220052,869.4000244140625
2025-07-18,853.0499877929688,859.75,837.0499877929688,841.4500122070312,583822.0,NAM-INDIA.NS,833.7928553989956,783.6932881673177,850.4500122070312
2025-07-21,841.9500122070312,873.3499755859375,835.75,863.2000122070312,1091804.0,NAM-INDIA.NS,840.664289202009,785.9195332845052,841.4500122070312
2025-07-22,867.0,871.7000122070312,850.5,857.1500244140625,854116.0,NAM-INDIA.NS,848.135724748884,788.8312642415365,863.2000122070312
2025-07-23,857.1500244140625,860.7000122070312,842.5499877929688,845.9500122070312,331813.0,NAM-INDIA.NS,853.3142961774554,792.2107279459635,857.1500244140625
2025-07-24,846.25,849.25,823.2999877929688,828.7000122070312,509511.0,NAM-INDIA.NS,850.9000156947544,795.5945576985677,845.9500122070312
2025-07-25,822.2000122070312,831.0,802.1500244140625,809.7000122070312,685414.0,NAM-INDIA.NS,842.3714425223214,798.3730346679688,828.7000122070312
2025-07-28,800.0,827.0,790.0,793.3499755859375,1097278.0,NAM-INDIA.NS,834.2142944335938,800.270741780599,809.7000122070312
2025-07-29,799.75,812.0,785.0999755859375,807.5,840299.0,NAM-INDIA.NS,829.3642926897321,802.1051920572917,793.3499755859375
2025-07-30,810.5,828.2000122070312,806.2999877929688,823.5499877929688,607594.0,NAM-INDIA.NS,823.7000034877232,805.0128580729166,807.5
2025-07-31,812.0,827.9000244140625,806.1500244140625,812.3499755859375,382231.0,NAM-INDIA.NS,817.2999965122768,807.904355875651,823.5499877929688
2025-08-01,814.0,822.6500244140625,799.0499877929688,803.7999877929688,431835.0,NAM-INDIA.NS,811.278564453125,809.6977681477864,812.3499755859375
2025-08-04,799.4500122070312,818.5999755859375,795.9500122070312,813.0499877929688,432433.0,NAM-INDIA.NS,809.0428466796875,811.3024454752605,803.7999877929688
2025-08-05,817.5499877929688,824.1500244140625,809.75,816.0499877929688,513978.0,NAM-INDIA.NS,809.9499860491071,812.7536499023438,813.0499877929688
2025-08-06,816.0999755859375,820.0,807.0999755859375,812.9000244140625,442402.0,NAM-INDIA.NS,812.7428501674107,813.7591512044271,816.0499877929688
2025-08-07,804.7999877929688,820.0,800.1500244140625,809.9500122070312,988575.0,NAM-INDIA.NS,813.0928519112723,814.5757914225261,812.9000244140625
2025-08-08,809.8499755859375,815.7999877929688,788.8499755859375,800.5999755859375,489996.0,NAM-INDIA.NS,809.8142787388393,815.4626180013021,809.9500122070312
2025-08-11,800.0,810.9500122070312,796.0,805.9500122070312,285138.0,NAM-INDIA.NS,808.8999982561384,815.9912089029948,800.5999755859375
2025-08-12,809.0999755859375,818.1500244140625,794.0,799.0999755859375,929859.0,NAM-INDIA.NS,808.2285679408482,816.0412841796875,805.9500122070312
2025-08-13,806.9000244140625,812.75,795.0999755859375,799.5999755859375,832919.0,NAM-INDIA.NS,806.3071376255581,816.3483317057292,799.0999755859375
2025-08-14,799.9000244140625,808.9000244140625,792.2999877929688,804.5499877929688,449467.0,NAM-INDIA.NS,804.6642804827009,816.718330891927,799.5999755859375
2025-08-18,806.9500122070312,835.0,806.9500122070312,828.6500244140625,1220679.0,NAM-INDIA.NS,806.9142804827009,818.0166646321615,804.5499877929688
2025-08-19,832.0,866.2999877929688,819.0499877929688,861.7000122070312,1355449.0,NAM-INDIA.NS,814.3071376255581,820.7666646321615,828.6500244140625
2025-08-20,861.0499877929688,875.0,850.0,866.1500244140625,659036.0,NAM-INDIA.NS,823.6714303152902,823.3683329264323,861.7000122070312
2025-08-21,868.9000244140625,887.0,856.0,862.4000244140625,1207233.0,NAM-INDIA.NS,831.7357177734375,825.4150004069011,866.1500244140625
2025-08-22,863.0,887.9000244140625,860.5999755859375,864.8499755859375,1060312.0,NAM-INDIA.NS,841.1285749162946,827.0733337402344,862.4000244140625
2025-08-25,866.0,870.1500244140625,840.0,843.4500122070312,856536.0,NAM-INDIA.NS,847.3928658621652,828.3600016276042,864.8499755859375
2025-08-26,835.25,842.5,813.0999755859375,825.7000122070312,699149.0,NAM-INDIA.NS,850.4142979213169,828.8933349609375,843.4500122070312
2025-08-27,825.7000122070312,825.7000122070312,825.7000122070312,825.7000122070312,0.0,NAM-INDIA.NS,849.9928676060268,828.2300028483073,825.7000122070312
2025-08-28,819.4000244140625,823.7999877929688,794.25,798.5,708296.0,NAM-INDIA.NS,840.9642944335938,825.8666687011719,825.7000122070312
2025-08-29,799.0,808.3499755859375,780.25,784.75,774225.0,NAM-INDIA.NS,829.3357195172991,823.6766682942708,798.5
2025-09-01,792.4000244140625,805.2999877929688,785.4500122070312,799.75,438625.0,NAM-INDIA.NS,820.3857160295759,822.2866678873698,784.75
2025-09-02,800.0,801.75,786.2000122070312,790.25,461069.0,NAM-INDIA.NS,809.7285766601562,819.8550008138021,799.75
2025-09-03,796.5999755859375,820.0,795.5999755859375,816.1500244140625,904140.0,NAM-INDIA.NS,805.8285784040179,818.4883341471354,790.25
2025-09-04,821.0,829.8499755859375,804.0499877929688,812.0,611018.0,NAM-INDIA.NS,803.8714338030134,817.3566670735677,816.1500244140625
2025-09-05,819.0,824.5,794.0,798.0499877929688,763980.0,NAM-INDIA.NS,799.9214303152902,816.3349995930989,812.0
2025-09-08,806.6500244140625,811.0,797.9000244140625,802.5999755859375,322741.0,NAM-INDIA.NS,800.5071411132812,816.0983317057292,798.0499877929688
2025-09-09,801.8499755859375,809.0,794.0,807.1500244140625,979055.0,NAM-INDIA.NS,803.7071446010044,816.5583333333333,802.5999755859375
2025-09-10,810.0499877929688,831.0,810.0499877929688,820.9000244140625,656187.0,NAM-INDIA.NS,806.7285766601562,817.0050008138021,807.1500244140625
2025-09-11,828.0,829.7000122070312,813.5499877929688,818.2000122070312,768757.0,NAM-INDIA.NS,810.721435546875,816.8266682942708,820.9000244140625
2025-09-12,820.0,843.2000122070312,818.0,827.75,821220.0,NAM-INDIA.NS,812.3785749162946,817.3400024414062,818.2000122070312
