Date,Open,High,Low,Close,Volume,Stock
,DRREDDY.BO,DRREDDY.BO,DRREDDY.BO,DRREDDY.BO,DRREDDY.BO,
2020-01-01,577.6699829101562,577.6699829101562,572.5999755859375,575.8099975585938,21615,DRREDDY.BO
2020-01-02,578.3400268554688,578.3400268554688,572.3200073242188,572.8200073242188,36805,DRREDDY.BO
2020-01-03,571.5800170898438,579.1400146484375,571.5800170898438,576.9000244140625,33105,DRREDDY.BO
2020-01-06,577.0,579.6300048828125,570.3800048828125,575.7899780273438,80875,DRREDDY.BO
2020-01-07,580.0,582.1500244140625,575.77001953125,576.8099975585938,21500,DRREDDY.BO
2020-01-08,575.8499755859375,580.6699829101562,573.489990234375,579.5,29850,DRREDDY.BO
2020-01-09,580.3800048828125,587.4500122070312,580.3800048828125,583.739990234375,23775,DRREDDY.BO
2020-01-10,585.2000122070312,601.2000122070312,585.2000122070312,586.3800048828125,145325,DRREDDY.BO
2020-01-13,587.0,593.0499877929688,583.6199951171875,590.6199951171875,45335,DRREDDY.BO
2020-01-14,590.7000122070312,593.510009765625,586.5999755859375,589.25,18905,DRREDDY.BO
2020-01-15,589.25,589.25,580.2000122070312,583.9299926757812,37995,DRREDDY.BO
2020-01-16,587.0399780273438,590.0,584.5,587.510009765625,22675,DRREDDY.BO
2020-01-17,588.5999755859375,609.8099975585938,588.4000244140625,606.72998046875,3123065,DRREDDY.BO
2020-01-20,610.0,616.1400146484375,606.5999755859375,611.5999755859375,131705,DRREDDY.BO
2020-01-21,611.989990234375,615.8599853515625,607.7000122070312,611.47998046875,39490,DRREDDY.BO
2020-01-22,612.0,621.0,610.27001953125,612.010009765625,78690,DRREDDY.BO
2020-01-23,610.0,615.6400146484375,605.1699829101562,607.6900024414062,28325,DRREDDY.BO
2020-01-24,608.4000244140625,609.3400268554688,605.0900268554688,605.6099853515625,17810,DRREDDY.BO
2020-01-27,607.489990234375,641.47998046875,600.3200073242188,637.7899780273438,638220,DRREDDY.BO
2020-01-28,638.2000122070312,649.9000244140625,630.77001953125,637.760009765625,437085,DRREDDY.BO
2020-01-29,636.0,641.5499877929688,620.2000122070312,629.719970703125,222200,DRREDDY.BO
2020-01-30,630.0,634.0,624.3200073242188,630.9000244140625,89285,DRREDDY.BO
2020-01-31,632.0,638.0,620.02001953125,622.75,89080,DRREDDY.BO
2020-02-03,623.2000122070312,634.4000244140625,623.0,628.5,54125,DRREDDY.BO
2020-02-04,633.0,655.2000122070312,630.5599975585938,648.5399780273438,112445,DRREDDY.BO
2020-02-05,646.0,649.3099975585938,624.5999755859375,626.9000244140625,93335,DRREDDY.BO
2020-02-06,627.5999755859375,635.2899780273438,627.5999755859375,632.1599731445312,133045,DRREDDY.BO
2020-02-07,632.1599731445312,636.7999877929688,628.0,633.1799926757812,200180,DRREDDY.BO
2020-02-10,632.280029296875,634.5800170898438,623.0,630.0999755859375,81235,DRREDDY.BO
2020-02-11,630.0,640.739990234375,626.989990234375,638.1599731445312,94795,DRREDDY.BO
2020-02-12,636.3200073242188,642.5499877929688,633.8400268554688,639.510009765625,187680,DRREDDY.BO
2020-02-13,644.0,667.2000122070312,640.0,665.1300048828125,262655,DRREDDY.BO
2020-02-14,663.5999755859375,666.4500122070312,655.4099731445312,661.5,128445,DRREDDY.BO
2020-02-17,662.4000244140625,668.2899780273438,658.0,658.719970703125,72540,DRREDDY.BO
2020-02-18,652.4099731445312,656.3800048828125,647.0,650.0399780273438,90405,DRREDDY.BO
2020-02-19,650.0,659.4299926757812,650.0,655.3699951171875,26185,DRREDDY.BO
2020-02-20,657.0,672.5999755859375,649.0,651.2999877929688,80070,DRREDDY.BO
2020-02-24,652.0,652.0,633.1900024414062,634.6599731445312,71595,DRREDDY.BO
2020-02-25,634.2000122070312,635.8200073242188,611.5999755859375,618.27001953125,298505,DRREDDY.BO
2020-02-26,618.4000244140625,622.7899780273438,612.219970703125,615.1300048828125,119685,DRREDDY.BO
2020-02-27,615.0,617.4299926757812,606.0,613.72998046875,54860,DRREDDY.BO
2020-02-28,612.0,617.5,581.2000122070312,585.1599731445312,217240,DRREDDY.BO
2020-03-02,603.780029296875,603.780029296875,575.6799926757812,579.1500244140625,71840,DRREDDY.BO
2020-03-03,592.6799926757812,615.0900268554688,587.4000244140625,609.010009765625,1334895,DRREDDY.BO
2020-03-04,609.010009765625,636.9000244140625,607.2100219726562,634.5900268554688,219550,DRREDDY.BO
2020-03-05,634.4000244140625,646.0,633.1300048828125,636.1500244140625,108475,DRREDDY.BO
2020-03-06,610.0,640.6300048828125,610.0,633.9500122070312,191715,DRREDDY.BO
2020-03-09,631.1099853515625,637.5599975585938,605.6699829101562,612.6599731445312,294410,DRREDDY.BO
2020-03-11,612.5999755859375,616.5999755859375,596.97998046875,599.9199829101562,278815,DRREDDY.BO
2020-03-12,598.7999877929688,598.7999877929688,560.7100219726562,570.9600219726562,81955,DRREDDY.BO
2020-03-13,550.0,600.5800170898438,517.969970703125,577.97998046875,169975,DRREDDY.BO
2020-03-16,577.7999877929688,595.3200073242188,549.0,565.280029296875,83270,DRREDDY.BO
2020-03-17,560.0,580.4000244140625,551.9099731445312,558.22998046875,75120,DRREDDY.BO
2020-03-18,578.4000244140625,578.4000244140625,525.0,533.5499877929688,72210,DRREDDY.BO
2020-03-19,524.7899780273438,536.1699829101562,499.5199890136719,524.5499877929688,117005,DRREDDY.BO
2020-03-20,550.0,589.27001953125,530.0,579.6199951171875,185000,DRREDDY.BO
2020-03-23,540.0,637.4000244140625,530.2000122070312,553.1400146484375,1074570,DRREDDY.BO
2020-03-24,579.0,591.6799926757812,560.010009765625,571.72998046875,119790,DRREDDY.BO
2020-03-25,571.5999755859375,589.27001953125,559.5399780273438,584.9000244140625,71850,DRREDDY.BO
2020-03-26,590.2000122070312,613.469970703125,576.1799926757812,588.6300048828125,97280,DRREDDY.BO
2020-03-27,603.5700073242188,609.3800048828125,569.719970703125,583.4000244140625,107185,DRREDDY.BO
2020-03-30,580.0,609.5999755859375,564.3400268554688,598.8300170898438,616000,DRREDDY.BO
2020-03-31,615.969970703125,630.2000122070312,610.1699829101562,623.4199829101562,106585,DRREDDY.BO
2020-04-01,636.0,636.0,613.739990234375,619.239990234375,80305,DRREDDY.BO
2020-04-03,619.0,643.7100219726562,605.510009765625,628.9600219726562,106895,DRREDDY.BO
2020-04-07,640.0,722.4400024414062,640.0,716.6300048828125,405895,DRREDDY.BO
2020-04-08,714.0,752.8699951171875,696.0999755859375,736.1500244140625,326605,DRREDDY.BO
2020-04-09,744.7999877929688,762.0,717.6500244140625,723.6300048828125,344175,DRREDDY.BO
2020-04-13,737.0,770.77001953125,722.1500244140625,748.9000244140625,355195,DRREDDY.BO
2020-04-15,755.0,778.7899780273438,755.0,760.7899780273438,199695,DRREDDY.BO
2020-04-16,760.5999755859375,777.7899780273438,757.6699829101562,772.4099731445312,158210,DRREDDY.BO
2020-04-17,790.0,798.760009765625,765.2000122070312,786.3499755859375,251370,DRREDDY.BO
2020-04-20,785.9099731445312,785.9099731445312,762.4000244140625,768.5599975585938,113985,DRREDDY.BO
2020-04-21,767.5999755859375,809.2999877929688,764.280029296875,803.1099853515625,360000,DRREDDY.BO
2020-04-22,814.7999877929688,819.0,794.0,811.4600219726562,262000,DRREDDY.BO
2020-04-23,809.0,816.9400024414062,802.4000244140625,805.4000244140625,85030,DRREDDY.BO
2020-04-24,804.0,809.489990234375,794.75,800.4500122070312,107425,DRREDDY.BO
2020-04-27,804.02001953125,812.1099853515625,791.7000122070312,795.9299926757812,119575,DRREDDY.BO
2020-04-28,809.0,809.0,778.5800170898438,789.7000122070312,99050,DRREDDY.BO
2020-04-29,794.0,794.0,774.2000122070312,776.0999755859375,75635,DRREDDY.BO
2020-04-30,788.0,818.3099975585938,779.1900024414062,787.4400024414062,279730,DRREDDY.BO
2020-05-04,779.7999877929688,800.9099731445312,770.3400268554688,787.6199951171875,187235,DRREDDY.BO
2020-05-05,798.72998046875,798.72998046875,761.1900024414062,767.0599975585938,104330,DRREDDY.BO
2020-05-06,768.2000122070312,775.7999877929688,761.2899780273438,771.3499755859375,89615,DRREDDY.BO
2020-05-07,777.5999755859375,787.27001953125,763.97998046875,766.8699951171875,82735,DRREDDY.BO
2020-05-08,775.0,819.97998046875,775.0,796.6900024414062,248860,DRREDDY.BO
2020-05-11,800.0,800.0,770.2000122070312,773.0499877929688,153790,DRREDDY.BO
2020-05-12,770.0,780.2000122070312,752.3699951171875,754.4000244140625,162885,DRREDDY.BO
2020-05-13,770.0,770.0,747.530029296875,756.47998046875,132820,DRREDDY.BO
2020-05-14,756.5,763.5999755859375,743.8499755859375,746.469970703125,92685,DRREDDY.BO
2020-05-15,747.4000244140625,755.5399780273438,744.0,746.77001953125,88090,DRREDDY.BO
2020-05-18,747.4000244140625,752.0,722.6900024414062,735.52001953125,119930,DRREDDY.BO
2020-05-19,742.0,744.719970703125,732.6300048828125,739.9099731445312,100905,DRREDDY.BO
2020-05-20,742.0399780273438,785.5599975585938,739.02001953125,782.1500244140625,686100,DRREDDY.BO
2020-05-21,782.2100219726562,792.25,765.6500244140625,769.4099731445312,208780,DRREDDY.BO
2020-05-22,769.4099731445312,781.77001953125,763.0,778.8800048828125,169460,DRREDDY.BO
2020-05-26,780.0,787.52001953125,770.8400268554688,772.72998046875,80705,DRREDDY.BO
2020-05-27,776.4000244140625,780.0,763.1199951171875,776.6599731445312,248340,DRREDDY.BO
2020-05-28,779.5999755859375,782.1900024414062,768.760009765625,777.72998046875,99325,DRREDDY.BO
2020-05-29,777.0,817.739990234375,774.4299926757812,814.760009765625,267465,DRREDDY.BO
2020-06-01,814.4199829101562,819.1599731445312,788.4299926757812,790.1599731445312,203450,DRREDDY.BO
2020-06-02,790.1599731445312,801.4500122070312,777.6799926757812,779.3800048828125,194010,DRREDDY.BO
2020-06-03,781.2000122070312,798.1400146484375,781.2000122070312,792.239990234375,83080,DRREDDY.BO
2020-06-04,792.239990234375,811.3599853515625,792.239990234375,799.9000244140625,168140,DRREDDY.BO
2020-06-05,801.2000122070312,810.0,799.0499877929688,805.1799926757812,97585,DRREDDY.BO
2020-06-08,806.0,808.3200073242188,789.0,793.3800048828125,167750,DRREDDY.BO
2020-06-09,798.0,828.1799926757812,787.780029296875,824.9600219726562,361740,DRREDDY.BO
2020-06-10,827.25,837.8699951171875,817.8300170898438,822.969970703125,253980,DRREDDY.BO
2020-06-11,823.5999755859375,825.3699951171875,807.3599853515625,811.1199951171875,121120,DRREDDY.BO
2020-06-12,799.9600219726562,807.0,796.4099731445312,801.3300170898438,91380,DRREDDY.BO
2020-06-15,810.7999877929688,825.4400024414062,793.0,802.0700073242188,240045,DRREDDY.BO
2020-06-16,814.0,814.739990234375,790.8400268554688,801.4199829101562,92960,DRREDDY.BO
2020-06-17,800.0,808.1699829101562,794.760009765625,796.7999877929688,94920,DRREDDY.BO
2020-06-18,798.4000244140625,810.3900146484375,798.3400268554688,800.9500122070312,187535,DRREDDY.BO
2020-06-19,806.0,808.97998046875,798.7999877929688,800.8200073242188,86860,DRREDDY.BO
2020-06-22,802.0,812.1400146484375,802.0,806.489990234375,112985,DRREDDY.BO
2020-06-23,812.0,826.0,808.1099853515625,821.6300048828125,201360,DRREDDY.BO
2020-06-24,825.7999877929688,826.7999877929688,806.0,808.510009765625,68655,DRREDDY.BO
2020-06-25,804.52001953125,808.5999755859375,795.4000244140625,801.4000244140625,63835,DRREDDY.BO
2020-06-26,800.0,812.9299926757812,793.3499755859375,799.1799926757812,124475,DRREDDY.BO
2020-06-29,800.0,808.9600219726562,792.0,794.9299926757812,57250,DRREDDY.BO
2020-06-30,796.6199951171875,802.0,784.9299926757812,788.2000122070312,128270,DRREDDY.BO
2020-07-01,791.489990234375,792.719970703125,777.4000244140625,782.1199951171875,71590,DRREDDY.BO
2020-07-02,791.7999877929688,795.4000244140625,780.219970703125,783.969970703125,90905,DRREDDY.BO
2020-07-03,792.7999877929688,793.1400146484375,781.780029296875,784.1900024414062,109080,DRREDDY.BO
2020-07-06,784.2000122070312,788.0399780273438,775.9500122070312,778.6199951171875,81425,DRREDDY.BO
2020-07-07,778.5999755859375,783.5999755859375,763.1599731445312,764.5700073242188,186585,DRREDDY.BO
2020-07-08,766.0,788.9600219726562,766.0,777.25,179160,DRREDDY.BO
2020-07-09,778.2000122070312,783.0,771.219970703125,779.239990234375,73340,DRREDDY.BO
2020-07-10,783.0,791.3699951171875,777.3300170898438,781.1599731445312,263665,DRREDDY.BO
2020-07-13,784.0,785.0,775.0,779.719970703125,103455,DRREDDY.BO
2020-07-14,783.260009765625,799.010009765625,776.0,796.6900024414062,365145,DRREDDY.BO
2020-07-15,796.0,809.5999755859375,792.239990234375,807.6199951171875,260240,DRREDDY.BO
2020-07-16,807.260009765625,832.260009765625,802.0399780273438,830.1699829101562,238505,DRREDDY.BO
2020-07-17,830.7999877929688,831.0,819.9299926757812,823.719970703125,82270,DRREDDY.BO
2020-07-20,829.0,830.6099853515625,814.8099975585938,818.489990234375,99090,DRREDDY.BO
2020-07-21,818.4000244140625,826.0,801.989990234375,806.989990234375,76900,DRREDDY.BO
2020-07-22,812.0,825.97998046875,805.3400268554688,812.3599853515625,191420,DRREDDY.BO
2020-07-23,812.5,828.0,812.5,825.7100219726562,164745,DRREDDY.BO
2020-07-24,825.0,835.8699951171875,810.7999877929688,812.739990234375,187200,DRREDDY.BO
2020-07-27,812.739990234375,816.2100219726562,792.77001953125,803.0499877929688,72065,DRREDDY.BO
2020-07-28,805.0,818.5900268554688,803.9299926757812,810.0900268554688,129320,DRREDDY.BO
2020-07-29,819.7999877929688,866.8400268554688,816.489990234375,860.0399780273438,676675,DRREDDY.BO
2020-07-30,875.0,911.739990234375,868.9500122070312,903.22998046875,894380,DRREDDY.BO
2020-07-31,896.0,910.3200073242188,892.0,904.3800048828125,268415,DRREDDY.BO
2020-08-03,904.4000244140625,933.3400268554688,899.760009765625,904.8200073242188,341390,DRREDDY.BO
2020-08-04,904.2000122070312,930.2000122070312,898.489990234375,926.8699951171875,233570,DRREDDY.BO
2020-08-05,929.0,931.4000244140625,916.7899780273438,920.9400024414062,368175,DRREDDY.BO
2020-08-06,921.2000122070312,931.6599731445312,913.9600219726562,916.780029296875,156435,DRREDDY.BO
2020-08-07,915.0,941.4299926757812,910.9600219726562,914.25,259810,DRREDDY.BO
2020-08-10,920.2000122070312,950.8599853515625,920.2000122070312,938.510009765625,232955,DRREDDY.BO
2020-08-11,943.2000122070312,946.5599975585938,912.7999877929688,919.0900268554688,172965,DRREDDY.BO
2020-08-12,922.0,922.0,897.0,903.489990234375,196900,DRREDDY.BO
2020-08-13,912.0,918.0599975585938,898.219970703125,900.8400268554688,320215,DRREDDY.BO
2020-08-14,902.2000122070312,916.8800048828125,894.0,904.1099853515625,173235,DRREDDY.BO
2020-08-17,906.0,913.739990234375,900.1300048828125,903.5499877929688,93980,DRREDDY.BO
2020-08-18,905.0,912.0,887.6400146484375,900.8499755859375,133725,DRREDDY.BO
2020-08-19,911.7999877929688,911.7999877929688,895.7999877929688,897.8300170898438,274690,DRREDDY.BO
2020-08-20,899.5999755859375,905.4000244140625,892.5999755859375,895.219970703125,192185,DRREDDY.BO
2020-08-21,900.2000122070312,904.3900146484375,895.0,897.8499755859375,68110,DRREDDY.BO
2020-08-24,904.0,904.1900024414062,885.0800170898438,894.4299926757812,186185,DRREDDY.BO
2020-08-25,900.0,900.0,883.6099853515625,885.0800170898438,69450,DRREDDY.BO
2020-08-26,888.0,889.989990234375,880.2000122070312,887.5499877929688,82455,DRREDDY.BO
2020-08-27,887.5499877929688,893.0700073242188,883.5999755859375,887.5900268554688,143635,DRREDDY.BO
2020-08-28,892.0,893.3099975585938,872.22998046875,874.8699951171875,221325,DRREDDY.BO
2020-08-31,875.0,885.0,846.02001953125,851.5800170898438,195285,DRREDDY.BO
2020-09-01,848.0,875.0,846.77001953125,872.1699829101562,65080,DRREDDY.BO
2020-09-02,870.2000122070312,879.4299926757812,863.3900146484375,871.0499877929688,99590,DRREDDY.BO
2020-09-03,877.0,894.1099853515625,868.0,886.3400268554688,174315,DRREDDY.BO
2020-09-04,873.0,896.4000244140625,858.8200073242188,864.6300048828125,233745,DRREDDY.BO
2020-09-07,865.0,886.8099975585938,859.6900024414062,884.4500122070312,194005,DRREDDY.BO
2020-09-08,892.0,896.2000122070312,866.010009765625,869.5999755859375,184115,DRREDDY.BO
2020-09-09,867.239990234375,888.219970703125,867.239990234375,885.8699951171875,127590,DRREDDY.BO
2020-09-10,890.0,891.5999755859375,868.4400024414062,875.8699951171875,104165,DRREDDY.BO
2020-09-11,878.0,889.27001953125,875.4000244140625,880.0999755859375,80590,DRREDDY.BO
2020-09-14,883.0,883.8400268554688,867.3699951171875,872.9299926757812,61930,DRREDDY.BO
2020-09-15,876.8099975585938,909.3599853515625,876.1599731445312,888.6400146484375,369805,DRREDDY.BO
2020-09-16,889.0,930.3900146484375,882.2999877929688,926.3099975585938,494400,DRREDDY.BO
2020-09-17,940.0,969.0,931.4400024414062,965.3200073242188,1536350,DRREDDY.BO
2020-09-18,1000.2000122070312,1099.4000244140625,990.2100219726562,1065.3399658203125,3185195,DRREDDY.BO
2020-09-21,1067.5999755859375,1102.9300537109375,1022.8200073242188,1027.8399658203125,1566460,DRREDDY.BO
2020-09-22,1037.800048828125,1052.1099853515625,1011.2000122070312,1035.06005859375,913845,DRREDDY.BO
2020-09-23,1050.0,1056.0,1012.6900024414062,1020.0800170898438,787390,DRREDDY.BO
2020-09-24,1015.0,1041.239990234375,1000.0,1004.8900146484375,533305,DRREDDY.BO
2020-09-25,1026.0,1030.0,1010.0,1022.8099975585938,511515,DRREDDY.BO
2020-09-28,1040.0,1040.0,1018.1400146484375,1025.4300537109375,347885,DRREDDY.BO
2020-09-29,1029.0,1030.5799560546875,1013.4400024414062,1016.7000122070312,144095,DRREDDY.BO
2020-09-30,1022.0,1063.0899658203125,1018.0,1037.4100341796875,895990,DRREDDY.BO
2020-10-01,1043.0,1051.8800048828125,1018.5900268554688,1022.530029296875,268555,DRREDDY.BO
2020-10-05,1031.0,1037.3900146484375,1020.4600219726562,1031.489990234375,253620,DRREDDY.BO
2020-10-06,1034.0,1045.3499755859375,1023.0900268554688,1026.93994140625,175730,DRREDDY.BO
2020-10-07,1031.5999755859375,1039.0,1018.510009765625,1020.0999755859375,194670,DRREDDY.BO
2020-10-08,1037.0,1042.97998046875,1013.0700073242188,1039.1700439453125,221965,DRREDDY.BO
2020-10-09,1029.199951171875,1051.1700439453125,1027.0400390625,1030.4000244140625,399415,DRREDDY.BO
2020-10-12,1031.989990234375,1049.300048828125,1022.3300170898438,1043.8699951171875,256635,DRREDDY.BO
2020-10-13,1045.760009765625,1064.2099609375,1030.0799560546875,1033.43994140625,347745,DRREDDY.BO
2020-10-14,1037.0,1044.0899658203125,1018.3800048828125,1024.199951171875,265400,DRREDDY.BO
2020-10-15,1037.5999755859375,1037.5999755859375,1004.969970703125,1011.02001953125,365075,DRREDDY.BO
2020-10-16,1008.0,1024.75,1004.9500122070312,1016.469970703125,304835,DRREDDY.BO
2020-10-19,1040.4000244140625,1042.699951171875,1008.0800170898438,1010.2899780273438,397585,DRREDDY.BO
2020-10-20,1020.0,1022.6699829101562,1007.219970703125,1013.8699951171875,264680,DRREDDY.BO
2020-10-21,1017.5999755859375,1019.4400024414062,982.0700073242188,1009.3800048828125,191255,DRREDDY.BO
2020-10-22,1009.3800048828125,1009.3800048828125,966.47998046875,1004.719970703125,646510,DRREDDY.BO
2020-10-23,1009.0,1018.1199951171875,1000.0,1003.1799926757812,248465,DRREDDY.BO
2020-10-26,1001.7899780273438,1012.02001953125,990.7999877929688,996.030029296875,270555,DRREDDY.BO
2020-10-27,996.5999755859375,1025.030029296875,992.1599731445312,1020.0599975585938,404970,DRREDDY.BO
2020-10-28,1022.8900146484375,1029.5999755859375,984.2999877929688,989.9600219726562,757740,DRREDDY.BO
2020-10-29,987.0,1008.3200073242188,978.5599975585938,988.489990234375,239375,DRREDDY.BO
2020-10-30,992.7999877929688,995.0,974.3599853515625,977.5900268554688,216020,DRREDDY.BO
2020-11-02,980.8900146484375,983.6599731445312,964.5,971.2899780273438,174110,DRREDDY.BO
2020-11-03,971.7999877929688,983.9099731445312,966.4500122070312,975.6799926757812,125660,DRREDDY.BO
2020-11-04,981.989990234375,992.5399780273438,975.6199951171875,987.0,340565,DRREDDY.BO
2020-11-05,998.0,998.469970703125,984.6900024414062,991.72998046875,175495,DRREDDY.BO
2020-11-06,991.2000122070312,992.0,978.3800048828125,980.4400024414062,173730,DRREDDY.BO
2020-11-09,990.0,990.4000244140625,973.969970703125,975.6300048828125,103245,DRREDDY.BO
2020-11-10,970.7999877929688,973.1599731445312,936.1400146484375,940.0900268554688,259450,DRREDDY.BO
2020-11-11,952.0,983.7000122070312,938.2999877929688,977.3699951171875,624405,DRREDDY.BO
2020-11-12,977.4000244140625,984.760009765625,961.2899780273438,965.3499755859375,292200,DRREDDY.BO
2020-11-13,972.0,976.5999755859375,965.5900268554688,971.0499877929688,542555,DRREDDY.BO
2020-11-14,976.7999877929688,976.7999877929688,971.0900268554688,974.5599975585938,10315,DRREDDY.BO
2020-11-17,979.4000244140625,979.4000244140625,954.75,957.0599975585938,193535,DRREDDY.BO
2020-11-18,957.0599975585938,958.7999877929688,935.1599731445312,940.6500244140625,280910,DRREDDY.BO
2020-11-19,938.0,962.4400024414062,932.010009765625,941.4600219726562,236810,DRREDDY.BO
2020-11-20,947.2000122070312,951.1400146484375,931.760009765625,934.1400146484375,159710,DRREDDY.BO
2020-11-23,937.7999877929688,974.0800170898438,934.780029296875,965.6599731445312,373010,DRREDDY.BO
2020-11-24,969.4000244140625,987.6199951171875,958.0,982.1900024414062,228405,DRREDDY.BO
2020-11-25,1000.0,1003.739990234375,956.7999877929688,961.2899780273438,404685,DRREDDY.BO
2020-11-26,964.7999877929688,985.4000244140625,955.0999755859375,979.760009765625,338185,DRREDDY.BO
2020-11-27,979.760009765625,986.97998046875,962.2000122070312,965.9199829101562,170915,DRREDDY.BO
2020-12-01,972.22998046875,973.5999755859375,961.1799926757812,965.530029296875,156675,DRREDDY.BO
2020-12-02,971.4000244140625,977.9299926757812,962.2000122070312,969.8699951171875,149835,DRREDDY.BO
2020-12-03,970.6599731445312,988.0,968.9600219726562,984.9000244140625,335190,DRREDDY.BO
2020-12-04,986.4000244140625,991.5900268554688,972.8200073242188,981.4600219726562,262710,DRREDDY.BO
2020-12-07,987.0,1014.5900268554688,981.1799926757812,1005.2000122070312,444290,DRREDDY.BO
2020-12-08,1013.0,1016.280029296875,992.0,1002.8300170898438,211950,DRREDDY.BO
2020-12-09,1003.0,1019.8900146484375,1003.0,1011.3099975585938,245290,DRREDDY.BO
2020-12-10,1012.0,1017.1500244140625,1003.2999877929688,1010.3900146484375,177755,DRREDDY.BO
2020-12-11,1010.4000244140625,1016.8400268554688,997.0,1003.1799926757812,104865,DRREDDY.BO
2020-12-14,995.0,1010.3400268554688,994.0900268554688,1004.6699829101562,146695,DRREDDY.BO
2020-12-15,1011.989990234375,1015.0,1002.0,1005.530029296875,246585,DRREDDY.BO
2020-12-16,1007.0,1010.0,1001.219970703125,1007.7999877929688,123500,DRREDDY.BO
2020-12-17,1008.0,1026.469970703125,1006.719970703125,1014.989990234375,297375,DRREDDY.BO
2020-12-18,1014.989990234375,1052.4599609375,1014.989990234375,1046.030029296875,532150,DRREDDY.BO
2020-12-21,1044.0,1054.7900390625,992.3099975585938,1013.1300048828125,429770,DRREDDY.BO
2020-12-22,1021.5999755859375,1035.22998046875,988.7100219726562,1032.3800048828125,277820,DRREDDY.BO
2020-12-23,1030.2900390625,1047.0,1025.6099853515625,1044.280029296875,128625,DRREDDY.BO
2020-12-24,1054.0,1054.0,1032.5699462890625,1040.699951171875,160565,DRREDDY.BO
2020-12-28,1041.0400390625,1046.97998046875,1037.489990234375,1041.1500244140625,162205,DRREDDY.BO
2020-12-29,1042.4000244140625,1053.510009765625,1029.3800048828125,1032.7900390625,237525,DRREDDY.BO
2020-12-30,1039.800048828125,1039.800048828125,1028.4000244140625,1034.2900390625,56340,DRREDDY.BO
2020-12-31,1036.4200439453125,1050.5999755859375,1033.0999755859375,1040.8199462890625,180285,DRREDDY.BO
2021-01-01,1045.5999755859375,1050.5999755859375,1040.010009765625,1048.1400146484375,70195,DRREDDY.BO
2021-01-04,1057.0,1061.280029296875,1048.0799560546875,1054.22998046875,96680,DRREDDY.BO
2021-01-05,1052.199951171875,1067.219970703125,1045.8299560546875,1057.4300537109375,174560,DRREDDY.BO
2021-01-06,1057.4599609375,1062.8399658203125,1045.06005859375,1058.3299560546875,187920,DRREDDY.BO
2021-01-07,1060.0,1069.8199462890625,1050.489990234375,1054.0400390625,109145,DRREDDY.BO
2021-01-08,1058.2099609375,1072.0,1055.8599853515625,1067.4599609375,118605,DRREDDY.BO
2021-01-11,1068.0,1085.0999755859375,1065.780029296875,1083.3199462890625,139030,DRREDDY.BO
2021-01-12,1085.4000244140625,1088.6700439453125,1067.0,1071.3599853515625,101215,DRREDDY.BO
2021-01-13,1071.3599853515625,1072.22998046875,1046.9100341796875,1058.219970703125,111495,DRREDDY.BO
2021-01-14,1060.0,1065.43994140625,1053.0400390625,1061.989990234375,236970,DRREDDY.BO
2021-01-15,1061.989990234375,1061.989990234375,1039.300048828125,1041.52001953125,89515,DRREDDY.BO
2021-01-18,1042.4000244140625,1056.199951171875,1007.2000122070312,1010.5599975585938,106820,DRREDDY.BO
2021-01-19,1015.0,1020.6699829101562,1007.7100219726562,1017.3900146484375,109665,DRREDDY.BO
2021-01-20,1023.5999755859375,1031.9100341796875,1013.7899780273438,1015.72998046875,98310,DRREDDY.BO
2021-01-21,1026.0,1027.5999755859375,1006.760009765625,1010.530029296875,1218885,DRREDDY.BO
2021-01-22,1015.7999877929688,1019.989990234375,997.0,1006.760009765625,192975,DRREDDY.BO
2021-01-25,1011.9299926757812,1025.199951171875,992.02001953125,1016.4199829101562,179150,DRREDDY.BO
2021-01-27,1020.0,1020.0,967.1300048828125,981.77001953125,112090,DRREDDY.BO
2021-01-28,968.0,980.4600219726562,955.25,975.27001953125,284790,DRREDDY.BO
2021-01-29,976.4299926757812,983.3900146484375,910.0,919.72998046875,468760,DRREDDY.BO
2021-02-01,915.4400024414062,915.4400024414062,879.0,885.719970703125,412915,DRREDDY.BO
2021-02-02,888.4000244140625,905.469970703125,876.4000244140625,896.8499755859375,565285,DRREDDY.BO
2021-02-03,914.0,951.8200073242188,909.6599731445312,930.1500244140625,676350,DRREDDY.BO
2021-02-04,939.7999877929688,941.0,924.4000244140625,933.1400146484375,368790,DRREDDY.BO
2021-02-05,940.0,965.97998046875,925.5999755859375,960.1900024414062,272645,DRREDDY.BO
2021-02-08,970.0399780273438,981.8599853515625,964.9299926757812,971.4000244140625,340935,DRREDDY.BO
2021-02-09,971.5999755859375,979.1900024414062,961.22998046875,969.0999755859375,504135,DRREDDY.BO
2021-02-10,968.0,976.3699951171875,952.0999755859375,964.219970703125,178370,DRREDDY.BO
2021-02-11,964.219970703125,972.1599731445312,962.0,964.97998046875,60945,DRREDDY.BO
2021-02-12,966.5900268554688,971.489990234375,957.0,959.0599975585938,59485,DRREDDY.BO
2021-02-15,960.47998046875,965.989990234375,940.2000122070312,942.0399780273438,202240,DRREDDY.BO
2021-02-16,944.2000122070312,951.969970703125,934.0800170898438,939.2000122070312,149715,DRREDDY.BO
2021-02-17,939.3200073242188,940.8200073242188,916.0,920.3300170898438,106040,DRREDDY.BO
2021-02-18,926.0,932.0,912.0,923.5700073242188,185185,DRREDDY.BO
2021-02-19,922.0,945.0,906.010009765625,937.030029296875,397145,DRREDDY.BO
2021-02-22,940.0,945.0,876.0,892.3699951171875,460065,DRREDDY.BO
2021-02-23,895.2000122070312,906.1799926757812,884.2000122070312,897.8200073242188,161320,DRREDDY.BO
2021-02-24,900.0,917.8900146484375,852.2000122070312,888.2999877929688,1688885,DRREDDY.BO
2021-02-25,885.7999877929688,917.8900146484375,884.760009765625,895.8499755859375,592890,DRREDDY.BO
2021-02-26,895.0,911.6500244140625,881.2000122070312,884.9199829101562,237710,DRREDDY.BO
2021-03-01,895.780029296875,895.780029296875,880.2999877929688,890.6599731445312,115225,DRREDDY.BO
2021-03-02,894.4000244140625,895.6099853515625,878.02001953125,881.239990234375,236910,DRREDDY.BO
2021-03-03,890.4600219726562,902.7999877929688,885.4400024414062,900.1599731445312,290875,DRREDDY.BO
2021-03-04,897.4000244140625,916.5700073242188,890.2000122070312,914.8599853515625,351885,DRREDDY.BO
2021-03-05,909.5999755859375,910.22998046875,896.0900268554688,897.8800048828125,149805,DRREDDY.BO
2021-03-08,897.8800048828125,904.3400268554688,892.72998046875,898.0399780273438,99220,DRREDDY.BO
2021-03-09,902.22998046875,902.8400268554688,883.5900268554688,889.52001953125,125925,DRREDDY.BO
2021-03-10,902.7999877929688,904.0,891.3099975585938,899.72998046875,101900,DRREDDY.BO
2021-03-12,902.22998046875,905.4299926757812,880.8400268554688,885.4400024414062,112400,DRREDDY.BO
2021-03-15,889.0,892.0,856.8099975585938,868.5399780273438,291300,DRREDDY.BO
2021-03-16,874.0,892.969970703125,873.280029296875,889.77001953125,241560,DRREDDY.BO
2021-03-17,889.77001953125,893.0,868.6400146484375,871.3699951171875,84195,DRREDDY.BO
2021-03-18,877.5999755859375,877.5999755859375,840.0,842.260009765625,234920,DRREDDY.BO
2021-03-19,844.0,860.77001953125,827.1799926757812,854.9099731445312,247075,DRREDDY.BO
2021-03-22,857.5999755859375,873.2899780273438,854.3800048828125,870.780029296875,246280,DRREDDY.BO
2021-03-23,870.2000122070312,880.7000122070312,864.5599975585938,874.3900146484375,135905,DRREDDY.BO
2021-03-24,872.0,883.5999755859375,868.02001953125,870.2100219726562,153530,DRREDDY.BO
2021-03-25,870.2000122070312,880.0,857.260009765625,876.6599731445312,179400,DRREDDY.BO
2021-03-26,881.7999877929688,884.0,870.1199951171875,881.0599975585938,149890,DRREDDY.BO
2021-03-30,884.4000244140625,905.0,884.4000244140625,903.6900024414062,203680,DRREDDY.BO
2021-03-31,900.25,908.989990234375,894.8900146484375,903.1199951171875,275375,DRREDDY.BO
2021-04-01,907.0,918.9500122070312,904.3699951171875,917.5700073242188,103600,DRREDDY.BO
2021-04-05,917.5700073242188,917.5700073242188,884.6400146484375,911.2100219726562,217460,DRREDDY.BO
2021-04-06,915.989990234375,927.8400268554688,909.1500244140625,923.510009765625,119965,DRREDDY.BO
2021-04-07,928.5999755859375,946.8900146484375,928.5999755859375,938.0499877929688,149010,DRREDDY.BO
2021-04-08,938.0499877929688,951.0,932.27001953125,938.0399780273438,405115,DRREDDY.BO
2021-04-09,938.0399780273438,958.4000244140625,934.739990234375,951.9000244140625,300305,DRREDDY.BO
2021-04-12,957.5999755859375,1023.97998046875,939.0,997.8400268554688,686635,DRREDDY.BO
2021-04-13,1040.0,1040.0,950.0,956.1199951171875,831565,DRREDDY.BO
2021-04-15,970.0,975.4000244140625,956.8400268554688,968.489990234375,568670,DRREDDY.BO
2021-04-16,974.7999877929688,987.7999877929688,963.7000122070312,978.5999755859375,244550,DRREDDY.BO
2021-04-19,979.739990234375,1001.0,961.0700073242188,994.1099853515625,395090,DRREDDY.BO
2021-04-20,1020.0,1041.8399658203125,1015.3800048828125,1030.7900390625,1145340,DRREDDY.BO
2021-04-22,1039.0,1058.0,1032.5699462890625,1039.93994140625,592465,DRREDDY.BO
2021-04-23,1047.0,1053.25,1006.030029296875,1013.3400268554688,545990,DRREDDY.BO
2021-04-26,1024.0,1025.0,1005.72998046875,1013.7999877929688,269665,DRREDDY.BO
2021-04-27,1018.7999877929688,1023.1099853515625,1004.2100219726562,1011.0700073242188,296165,DRREDDY.BO
2021-04-28,1014.4299926757812,1020.7999877929688,1006.5499877929688,1008.6799926757812,213800,DRREDDY.BO
2021-04-29,1014.0,1028.8499755859375,1008.5999755859375,1020.27001953125,249905,DRREDDY.BO
2021-04-30,1024.0,1042.1700439453125,1024.0,1032.8599853515625,253240,DRREDDY.BO
2021-05-03,1040.0,1041.510009765625,1028.2099609375,1036.8699951171875,341250,DRREDDY.BO
2021-05-04,1040.0,1047.1800537109375,1011.1500244140625,1013.4600219726562,189630,DRREDDY.BO
2021-05-05,1021.7999877929688,1040.0,1013.6599731445312,1032.1199951171875,325875,DRREDDY.BO
2021-05-06,1032.1199951171875,1050.1600341796875,1026.4000244140625,1033.1300048828125,200695,DRREDDY.BO
2021-05-07,1041.5999755859375,1049.800048828125,1033.1300048828125,1034.7099609375,167230,DRREDDY.BO
2021-05-10,1066.0,1084.4000244140625,1054.5400390625,1065.8199462890625,762305,DRREDDY.BO
2021-05-11,1065.8199462890625,1069.969970703125,1054.4000244140625,1058.719970703125,308640,DRREDDY.BO
2021-05-12,1065.0,1067.949951171875,1054.81005859375,1060.4000244140625,191440,DRREDDY.BO
2021-05-14,1069.0,1079.5999755859375,1032.0,1039.1700439453125,1165440,DRREDDY.BO
2021-05-17,1057.3499755859375,1057.3499755859375,1028.699951171875,1050.25,330715,DRREDDY.BO
2021-05-18,1056.510009765625,1061.0,1042.0,1043.06005859375,327485,DRREDDY.BO
2021-05-19,1048.5999755859375,1052.9000244140625,1041.1099853515625,1047.2900390625,283330,DRREDDY.BO
2021-05-20,1052.800048828125,1057.219970703125,1045.02001953125,1047.260009765625,161695,DRREDDY.BO
2021-05-21,1053.0,1053.7099609375,1039.0999755859375,1043.3499755859375,210310,DRREDDY.BO
2021-05-24,1045.0,1057.199951171875,1045.0,1054.4599609375,268395,DRREDDY.BO
2021-05-25,1055.800048828125,1063.8499755859375,1051.1199951171875,1061.97998046875,241485,DRREDDY.BO
2021-05-26,1062.239990234375,1066.989990234375,1055.0,1056.97998046875,80890,DRREDDY.BO
2021-05-27,1059.56005859375,1059.56005859375,1046.0999755859375,1053.739990234375,86510,DRREDDY.BO
2021-05-28,1057.5999755859375,1057.5999755859375,1030.1199951171875,1039.9300537109375,386450,DRREDDY.BO
2021-05-31,1040.4000244140625,1066.4000244140625,1034.1099853515625,1061.5999755859375,310570,DRREDDY.BO
2021-06-01,1061.0,1067.780029296875,1053.0999755859375,1063.6300048828125,271800,DRREDDY.BO
2021-06-02,1062.989990234375,1070.199951171875,1056.22998046875,1062.489990234375,139430,DRREDDY.BO
2021-06-03,1062.0,1068.0,1054.06005859375,1057.219970703125,189190,DRREDDY.BO
2021-06-04,1056.0,1059.1300048828125,1048.4000244140625,1050.6700439453125,103515,DRREDDY.BO
2021-06-07,1055.800048828125,1055.800048828125,1042.5999755859375,1043.77001953125,111845,DRREDDY.BO
2021-06-08,1044.0,1059.31005859375,1030.199951171875,1054.9200439453125,118560,DRREDDY.BO
2021-06-09,1057.800048828125,1062.0,1041.5799560546875,1044.3699951171875,120625,DRREDDY.BO
2021-06-10,1045.199951171875,1059.75,1045.199951171875,1058.1300048828125,101570,DRREDDY.BO
2021-06-11,1061.0,1098.010009765625,1057.6400146484375,1090.239990234375,317880,DRREDDY.BO
2021-06-14,1091.800048828125,1102.800048828125,1073.77001953125,1091.9100341796875,188915,DRREDDY.BO
2021-06-15,1095.9100341796875,1095.9100341796875,1081.0999755859375,1082.97998046875,983775,DRREDDY.BO
2021-06-16,1074.5899658203125,1091.469970703125,1068.780029296875,1081.1500244140625,309450,DRREDDY.BO
2021-06-17,1084.0,1084.0,1050.1300048828125,1057.6600341796875,164685,DRREDDY.BO
2021-06-18,1059.010009765625,1068.4000244140625,1046.56005859375,1056.9200439453125,166530,DRREDDY.BO
2021-06-21,1052.199951171875,1059.5999755859375,1045.18994140625,1055.9200439453125,141740,DRREDDY.BO
2021-06-22,1056.5999755859375,1064.3299560546875,1050.199951171875,1061.43994140625,60755,DRREDDY.BO
2021-06-23,1066.800048828125,1069.9000244140625,1057.989990234375,1059.949951171875,760630,DRREDDY.BO
2021-06-24,1059.199951171875,1062.469970703125,1050.199951171875,1055.72998046875,233105,DRREDDY.BO
2021-06-25,1056.0,1067.199951171875,1053.5999755859375,1062.27001953125,180745,DRREDDY.BO
2021-06-28,1064.199951171875,1083.0,1062.530029296875,1080.8199462890625,252365,DRREDDY.BO
2021-06-29,1086.199951171875,1090.56005859375,1075.72998046875,1086.3900146484375,153430,DRREDDY.BO
2021-06-30,1090.5999755859375,1093.5999755859375,1081.239990234375,1084.0699462890625,55490,DRREDDY.BO
2021-07-01,1087.800048828125,1115.4000244140625,1082.530029296875,1111.8299560546875,197145,DRREDDY.BO
2021-07-02,1115.0,1119.5899658203125,1102.2900390625,1114.8599853515625,165425,DRREDDY.BO
2021-07-05,1117.199951171875,1119.0,1106.1600341796875,1107.5799560546875,67945,DRREDDY.BO
2021-07-06,1107.5799560546875,1111.9300537109375,1102.4599609375,1107.760009765625,68445,DRREDDY.BO
2021-07-07,1103.06005859375,1122.72998046875,1103.06005859375,1112.199951171875,84535,DRREDDY.BO
2021-07-08,1112.0,1117.4200439453125,1090.0,1093.800048828125,64310,DRREDDY.BO
2021-07-09,1089.800048828125,1103.780029296875,1083.6700439453125,1091.969970703125,78810,DRREDDY.BO
2021-07-12,1097.5999755859375,1099.8199462890625,1088.1199951171875,1097.9100341796875,293975,DRREDDY.BO
2021-07-13,1098.1099853515625,1106.8499755859375,1085.5999755859375,1086.949951171875,57465,DRREDDY.BO
2021-07-14,1092.0,1092.0,1073.5999755859375,1078.3199462890625,65630,DRREDDY.BO
2021-07-15,1082.5999755859375,1087.7099609375,1074.800048828125,1078.97998046875,64235,DRREDDY.BO
2021-07-16,1078.0,1090.06005859375,1077.1199951171875,1081.8299560546875,86445,DRREDDY.BO
2021-07-19,1077.18994140625,1088.8699951171875,1076.3599853515625,1083.8299560546875,299425,DRREDDY.BO
2021-07-20,1088.800048828125,1088.800048828125,1064.31005859375,1068.06005859375,102880,DRREDDY.BO
2021-07-22,1082.5899658203125,1082.5899658203125,1065.5999755859375,1076.5699462890625,35350,DRREDDY.BO
2021-07-23,1078.800048828125,1086.68994140625,1072.02001953125,1084.5799560546875,63425,DRREDDY.BO
2021-07-26,1084.0999755859375,1089.010009765625,1080.0999755859375,1081.8299560546875,34960,DRREDDY.BO
2021-07-27,1084.199951171875,1089.0,956.2000122070312,968.8699951171875,1182740,DRREDDY.BO
2021-07-28,971.0,975.1699829101562,933.3900146484375,946.0399780273438,899665,DRREDDY.BO
2021-07-29,947.0700073242188,955.3900146484375,931.9199829101562,934.2100219726562,198610,DRREDDY.BO
2021-07-30,935.97998046875,960.4000244140625,935.97998046875,942.5399780273438,295980,DRREDDY.BO
2021-08-02,943.4000244140625,949.9500122070312,937.469970703125,940.3599853515625,242840,DRREDDY.BO
2021-08-03,947.0,947.0,938.010009765625,944.239990234375,445430,DRREDDY.BO
2021-08-04,946.7999877929688,961.9500122070312,946.0399780273438,954.260009765625,529405,DRREDDY.BO
2021-08-05,961.5999755859375,961.5999755859375,948.7999877929688,956.6599731445312,340295,DRREDDY.BO
2021-08-06,955.0,960.8900146484375,951.2899780273438,957.0499877929688,214005,DRREDDY.BO
2021-08-09,964.0,966.8699951171875,952.1500244140625,962.8400268554688,169955,DRREDDY.BO
2021-08-10,968.7999877929688,971.1699829101562,947.219970703125,954.219970703125,116460,DRREDDY.BO
2021-08-11,959.6699829101562,959.6699829101562,938.2000122070312,948.8599853515625,110375,DRREDDY.BO
2021-08-12,951.0,951.0,938.4000244140625,942.489990234375,253155,DRREDDY.BO
2021-08-13,942.0,947.1900024414062,927.0,931.1199951171875,415970,DRREDDY.BO
2021-08-16,930.0,936.9600219726562,921.4199829101562,932.3800048828125,142295,DRREDDY.BO
2021-08-17,932.3800048828125,943.7999877929688,932.2000122070312,940.3800048828125,266560,DRREDDY.BO
2021-08-18,940.0,951.0,935.0,937.1699829101562,195295,DRREDDY.BO
2021-08-20,934.0,934.0,901.8099975585938,910.8599853515625,134265,DRREDDY.BO
2021-08-23,912.22998046875,919.22998046875,901.0,903.6799926757812,148475,DRREDDY.BO
2021-08-24,903.0,919.8499755859375,889.5999755859375,917.530029296875,132350,DRREDDY.BO
2021-08-25,917.4000244140625,918.0700073242188,904.8300170898438,910.5800170898438,145930,DRREDDY.BO
2021-08-26,909.7999877929688,910.0,897.6300048828125,900.6900024414062,89395,DRREDDY.BO
2021-08-27,897.5999755859375,922.3699951171875,897.5999755859375,920.25,102560,DRREDDY.BO
2021-08-30,919.7999877929688,939.8300170898438,915.3499755859375,935.6699829101562,270815,DRREDDY.BO
2021-08-31,939.0,944.2000122070312,930.4000244140625,940.489990234375,154370,DRREDDY.BO
2021-09-01,947.0,956.77001953125,937.5999755859375,952.7899780273438,84865,DRREDDY.BO
2021-09-02,958.0,980.5499877929688,958.0,971.4400024414062,601380,DRREDDY.BO
2021-09-03,976.7999877929688,982.6099853515625,972.7100219726562,979.8900146484375,205830,DRREDDY.BO
2021-09-06,986.0,988.8900146484375,974.219970703125,983.030029296875,698600,DRREDDY.BO
2021-09-07,983.030029296875,985.3099975585938,971.3400268554688,979.8400268554688,164900,DRREDDY.BO
2021-09-08,980.0,988.0,972.3300170898438,982.0499877929688,117930,DRREDDY.BO
2021-09-09,980.4000244140625,984.2000122070312,976.25,982.9000244140625,172005,DRREDDY.BO
2021-09-13,982.0,989.0,975.0,986.5800170898438,210645,DRREDDY.BO
2021-09-14,986.4099731445312,997.77001953125,984.7899780273438,986.1199951171875,113990,DRREDDY.BO
2021-09-15,987.7999877929688,994.97998046875,984.0,993.0,136400,DRREDDY.BO
2021-09-16,998.0,999.0,983.1199951171875,986.3400268554688,95040,DRREDDY.BO
2021-09-17,986.3400268554688,991.0399780273438,973.8800048828125,977.8300170898438,64275,DRREDDY.BO
2021-09-20,969.8300170898438,976.8800048828125,950.2000122070312,955.2999877929688,322100,DRREDDY.BO
2021-09-21,947.010009765625,972.6699829101562,947.010009765625,970.969970703125,94030,DRREDDY.BO
2021-09-22,970.0,975.3400268554688,962.0999755859375,969.5700073242188,152530,DRREDDY.BO
2021-09-23,970.0,973.3400268554688,954.2100219726562,959.2000122070312,719465,DRREDDY.BO
2021-09-24,959.2000122070312,964.0,956.0,958.5599975585938,176040,DRREDDY.BO
2021-09-27,958.22998046875,960.4400024414062,946.469970703125,957.75,94970,DRREDDY.BO
2021-09-28,958.2000122070312,970.0999755859375,951.2000122070312,966.5599975585938,108260,DRREDDY.BO
2021-09-29,970.0,984.9600219726562,958.47998046875,976.22998046875,106385,DRREDDY.BO
2021-09-30,976.2000122070312,996.8099975585938,972.9000244140625,977.1199951171875,234885,DRREDDY.BO
2021-10-01,965.010009765625,992.7999877929688,965.010009765625,990.6400146484375,297910,DRREDDY.BO
2021-10-04,988.5999755859375,1015.760009765625,988.5999755859375,1008.780029296875,357045,DRREDDY.BO
2021-10-05,1008.780029296875,1010.1099853515625,993.8599853515625,1006.5399780273438,264695,DRREDDY.BO
2021-10-06,1005.7999877929688,1008.0,981.6500244140625,991.4000244140625,192550,DRREDDY.BO
2021-10-07,993.0,997.7999877929688,976.7000122070312,978.4500122070312,110800,DRREDDY.BO
2021-10-08,983.989990234375,988.989990234375,964.2000122070312,969.8200073242188,147175,DRREDDY.BO
2021-10-11,970.2000122070312,984.0,965.6199951171875,978.5800170898438,1113630,DRREDDY.BO
2021-10-12,980.9000244140625,990.1900024414062,971.489990234375,981.5900268554688,127770,DRREDDY.BO
2021-10-13,987.5800170898438,989.1199951171875,978.0499877929688,986.260009765625,121570,DRREDDY.BO
2021-10-14,986.7999877929688,1001.4000244140625,984.4600219726562,991.9400024414062,140265,DRREDDY.BO
2021-10-18,992.1099853515625,995.469970703125,972.7100219726562,974.77001953125,86495,DRREDDY.BO
2021-10-19,983.7999877929688,983.7999877929688,957.280029296875,960.0900268554688,58115,DRREDDY.BO
2021-10-20,965.3699951171875,968.2000122070312,944.0,951.489990234375,581265,DRREDDY.BO
2021-10-21,952.0,957.4000244140625,920.0,929.7100219726562,115265,DRREDDY.BO
2021-10-22,926.4000244140625,937.0599975585938,919.0,927.219970703125,29140,DRREDDY.BO
2021-10-25,927.219970703125,939.5,907.739990234375,935.0900268554688,33070,DRREDDY.BO
2021-10-26,937.0,939.489990234375,928.0,933.5399780273438,21055,DRREDDY.BO
2021-10-27,931.4000244140625,945.1099853515625,929.4000244140625,931.8900146484375,54810,DRREDDY.BO
2021-10-28,938.0,938.0,910.4000244140625,914.6599731445312,33970,DRREDDY.BO
2021-10-29,915.2000122070312,983.0700073242188,905.8499755859375,934.010009765625,409685,DRREDDY.BO
2021-11-01,930.0,967.0,926.0399780273438,960.1099853515625,146530,DRREDDY.BO
2021-11-02,957.0,960.5399780273438,944.7100219726562,949.1500244140625,32840,DRREDDY.BO
2021-11-03,957.6599731445312,958.8599853515625,951.1099853515625,953.72998046875,174825,DRREDDY.BO
2021-11-04,956.4000244140625,957.0,951.510009765625,953.5800170898438,4045,DRREDDY.BO
2021-11-08,951.2000122070312,962.0,940.969970703125,957.8400268554688,50105,DRREDDY.BO
2021-11-09,956.2100219726562,966.5999755859375,955.4199829101562,958.22998046875,46805,DRREDDY.BO
2021-11-10,960.0,969.6900024414062,955.2999877929688,965.7899780273438,43005,DRREDDY.BO
2021-11-11,965.52001953125,968.8499755859375,956.969970703125,962.5499877929688,13470,DRREDDY.BO
2021-11-12,963.2100219726562,973.8499755859375,963.2100219726562,968.2999877929688,24580,DRREDDY.BO
2021-11-15,974.0,979.6099853515625,968.97998046875,975.1400146484375,23175,DRREDDY.BO
2021-11-16,978.0,979.2000122070312,959.719970703125,963.8599853515625,57960,DRREDDY.BO
2021-11-17,963.0,963.0,950.1199951171875,953.6900024414062,25650,DRREDDY.BO
2021-11-18,950.0,952.8900146484375,930.4000244140625,933.77001953125,49345,DRREDDY.BO
2021-11-22,937.0,937.0,916.5,921.239990234375,24715,DRREDDY.BO
2021-11-23,926.4400024414062,932.5900268554688,910.25,926.3099975585938,20910,DRREDDY.BO
2021-11-24,930.0,930.0,917.5599975585938,920.1799926757812,19005,DRREDDY.BO
2021-11-25,920.0,939.0,917.0,918.5,73015,DRREDDY.BO
2021-11-26,918.5999755859375,963.9199829101562,916.030029296875,948.97998046875,203410,DRREDDY.BO
2021-11-29,960.0,976.8099975585938,933.27001953125,939.4299926757812,149515,DRREDDY.BO
2021-11-30,940.0,949.4000244140625,929.030029296875,936.22998046875,57375,DRREDDY.BO
2021-12-01,937.0,941.6300048828125,918.239990234375,921.4500122070312,64955,DRREDDY.BO
2021-12-02,918.0,933.7899780273438,918.0,932.489990234375,41730,DRREDDY.BO
2021-12-03,932.4000244140625,933.2899780273438,917.0,919.5999755859375,56140,DRREDDY.BO
2021-12-06,919.5999755859375,919.8800048828125,897.0399780273438,900.6699829101562,94960,DRREDDY.BO
2021-12-07,904.4000244140625,910.5999755859375,888.5999755859375,905.7000122070312,85475,DRREDDY.BO
2021-12-08,902.219970703125,917.7999877929688,902.219970703125,914.239990234375,117830,DRREDDY.BO
2021-12-09,919.97998046875,923.52001953125,913.3599853515625,920.1500244140625,54465,DRREDDY.BO
2021-12-10,920.1500244140625,923.5999755859375,915.0,918.9199829101562,34710,DRREDDY.BO
2021-12-13,930.0,935.510009765625,913.22998046875,919.6900024414062,45185,DRREDDY.BO
2021-12-14,919.0,931.9099731445312,917.9400024414062,929.3499755859375,25780,DRREDDY.BO
2021-12-15,929.3499755859375,929.3499755859375,915.0,920.0999755859375,30630,DRREDDY.BO
2021-12-16,920.0,927.6099853515625,914.3599853515625,918.5999755859375,17885,DRREDDY.BO
2021-12-17,930.4000244140625,930.4000244140625,899.1199951171875,903.3699951171875,32795,DRREDDY.BO
2021-12-20,903.3599853515625,915.260009765625,892.4000244140625,911.8699951171875,68200,DRREDDY.BO
2021-12-21,913.0,925.8400268554688,908.8200073242188,924.8800048828125,30095,DRREDDY.BO
2021-12-22,930.0,935.2000122070312,922.0599975585938,930.52001953125,43215,DRREDDY.BO
2021-12-23,938.0,940.0,931.0499877929688,938.6500244140625,38785,DRREDDY.BO
2021-12-24,942.8800048828125,946.0,923.0,927.8200073242188,28030,DRREDDY.BO
2021-12-27,925.2000122070312,948.52001953125,925.2000122070312,947.1599731445312,72665,DRREDDY.BO
2021-12-28,948.0,954.6799926757812,941.0,948.6799926757812,54785,DRREDDY.BO
2021-12-29,952.0,969.5499877929688,950.0,966.1099853515625,77260,DRREDDY.BO
2021-12-30,970.0,985.4199829101562,966.2000122070312,981.0999755859375,63120,DRREDDY.BO
2021-12-31,981.0,986.0,975.0999755859375,981.72998046875,85815,DRREDDY.BO
2022-01-03,979.4000244140625,986.0,969.4099731445312,970.6400146484375,71840,DRREDDY.BO
2022-01-04,973.0,978.3300170898438,965.0800170898438,967.1400146484375,56400,DRREDDY.BO
2022-01-05,977.7999877929688,981.6300048828125,951.6599731445312,957.9400024414062,102035,DRREDDY.BO
2022-01-06,960.0,967.2000122070312,945.0,947.9400024414062,72030,DRREDDY.BO
2022-01-07,950.8400268554688,951.5999755859375,937.8099975585938,941.6799926757812,46015,DRREDDY.BO
2022-01-10,941.4000244140625,945.530029296875,931.010009765625,938.7999877929688,42525,DRREDDY.BO
2022-01-11,944.0,947.72998046875,932.0399780273438,934.2100219726562,26980,DRREDDY.BO
2022-01-12,934.5999755859375,940.22998046875,927.2000122070312,938.1599731445312,56360,DRREDDY.BO
2022-01-13,938.0,951.6599731445312,937.9500122070312,945.22998046875,29775,DRREDDY.BO
2022-01-14,948.0,948.0,932.4000244140625,937.6400146484375,28970,DRREDDY.BO
2022-01-17,937.5999755859375,939.8499755859375,921.75,934.719970703125,36905,DRREDDY.BO
2022-01-18,934.719970703125,944.5999755859375,924.2000122070312,937.9000244140625,77455,DRREDDY.BO
2022-01-19,944.6799926757812,946.75,931.3200073242188,937.8599853515625,81710,DRREDDY.BO
2022-01-20,944.0,944.0,913.7899780273438,918.6400146484375,155985,DRREDDY.BO
2022-01-21,910.0,912.989990234375,887.010009765625,899.7000122070312,99450,DRREDDY.BO
2022-01-24,898.5999755859375,898.5999755859375,861.9500122070312,872.469970703125,100720,DRREDDY.BO
2022-01-25,871.0,884.010009765625,860.6500244140625,881.4000244140625,37120,DRREDDY.BO
2022-01-27,861.9199829101562,869.6500244140625,847.2000122070312,851.2899780273438,134970,DRREDDY.BO
2022-01-28,846.6900024414062,875.75,835.8699951171875,843.5900268554688,225825,DRREDDY.BO
2022-01-31,860.0,873.0,848.989990234375,860.8400268554688,55425,DRREDDY.BO
2022-02-01,870.0,870.0,851.3900146484375,862.219970703125,73740,DRREDDY.BO
2022-02-02,868.7999877929688,885.4000244140625,864.0,883.0599975585938,80500,DRREDDY.BO
2022-02-03,883.0,887.510009765625,872.0,874.77001953125,34650,DRREDDY.BO
2022-02-04,874.0,880.780029296875,868.0,870.0599975585938,33595,DRREDDY.BO
2022-02-07,920.0,920.0,850.3800048828125,862.739990234375,31345,DRREDDY.BO
2022-02-08,855.4000244140625,875.77001953125,855.4000244140625,864.0499877929688,71330,DRREDDY.BO
2022-02-09,870.0,878.7100219726562,862.6599731445312,873.2999877929688,41820,DRREDDY.BO
2022-02-10,873.0,876.1699829101562,867.0999755859375,874.7999877929688,24530,DRREDDY.BO
2022-02-11,864.0,869.6500244140625,856.02001953125,865.4600219726562,54315,DRREDDY.BO
2022-02-14,830.0,852.72998046875,830.0,841.4400024414062,92985,DRREDDY.BO
2022-02-15,844.0,858.7999877929688,838.0,855.1300048828125,56135,DRREDDY.BO
2022-02-16,858.7999877929688,874.7100219726562,848.9500122070312,864.010009765625,41605,DRREDDY.BO
2022-02-17,863.0,867.0,859.1900024414062,860.3099975585938,29715,DRREDDY.BO
2022-02-18,854.0,868.780029296875,853.2000122070312,864.2000122070312,44990,DRREDDY.BO
2022-02-21,873.780029296875,883.010009765625,857.0,859.47998046875,57360,DRREDDY.BO
2022-02-22,843.0,847.1099853515625,832.5900268554688,842.0999755859375,71430,DRREDDY.BO
2022-02-23,857.9600219726562,857.9600219726562,838.4000244140625,839.75,32000,DRREDDY.BO
2022-02-24,813.0,826.530029296875,811.1699829101562,818.8599853515625,142190,DRREDDY.BO
2022-02-25,816.2999877929688,840.1300048828125,816.2999877929688,836.0900268554688,62335,DRREDDY.BO
2022-02-28,824.1900024414062,824.47998046875,810.0,812.5900268554688,151130,DRREDDY.BO
2022-03-02,812.5999755859375,812.6099853515625,765.0800170898438,770.8300170898438,165200,DRREDDY.BO
2022-03-03,779.0,779.0,740.0,743.9299926757812,177245,DRREDDY.BO
2022-03-04,742.0,774.4600219726562,731.0,765.8599853515625,303965,DRREDDY.BO
2022-03-07,755.989990234375,758.0999755859375,733.8599853515625,754.239990234375,199700,DRREDDY.BO
2022-03-08,754.0,777.5999755859375,747.469970703125,773.4500122070312,162730,DRREDDY.BO
2022-03-09,784.0,796.1699829101562,776.6199951171875,784.969970703125,282255,DRREDDY.BO
2022-03-10,799.7999877929688,799.7999877929688,774.5599975585938,778.8300170898438,60965,DRREDDY.BO
2022-03-11,778.8300170898438,799.0,774.6099853515625,794.969970703125,122560,DRREDDY.BO
2022-03-14,793.0,798.969970703125,784.1199951171875,791.47998046875,34990,DRREDDY.BO
2022-03-15,797.9000244140625,799.5999755859375,776.2000122070312,779.3499755859375,74600,DRREDDY.BO
2022-03-16,785.3200073242188,792.6900024414062,778.0,788.530029296875,53115,DRREDDY.BO
2022-03-17,794.0,810.0,789.4400024414062,808.5499877929688,53840,DRREDDY.BO
2022-03-21,815.5999755859375,815.5999755859375,799.3900146484375,801.3300170898438,59390,DRREDDY.BO
2022-03-22,802.5999755859375,811.0700073242188,794.030029296875,806.4099731445312,93120,DRREDDY.BO
2022-03-23,804.2000122070312,837.8800048828125,804.2000122070312,825.030029296875,198580,DRREDDY.BO
2022-03-24,824.5999755859375,869.3499755859375,823.9600219726562,865.489990234375,210595,DRREDDY.BO
2022-03-25,872.5,874.989990234375,858.5800170898438,872.1799926757812,112615,DRREDDY.BO
2022-03-28,872.25,872.8300170898438,848.1599731445312,856.3300170898438,73335,DRREDDY.BO
2022-03-29,862.3800048828125,870.719970703125,850.0,864.2899780273438,75005,DRREDDY.BO
2022-03-30,872.5999755859375,872.5999755859375,857.5999755859375,870.1300048828125,78405,DRREDDY.BO
2022-03-31,867.8400268554688,877.5,856.0399780273438,861.0800170898438,44125,DRREDDY.BO
2022-04-01,864.0,866.8400268554688,853.52001953125,855.72998046875,39360,DRREDDY.BO
2022-04-04,872.0,872.0,854.1199951171875,863.4500122070312,66605,DRREDDY.BO
2022-04-05,869.7999877929688,881.5800170898438,860.8900146484375,865.02001953125,86350,DRREDDY.BO
2022-04-06,871.0,871.0,853.5999755859375,854.489990234375,57965,DRREDDY.BO
2022-04-07,862.2000122070312,871.47998046875,856.1099853515625,863.3200073242188,31325,DRREDDY.BO
2022-04-08,864.5999755859375,895.2000122070312,864.5999755859375,886.030029296875,70065,DRREDDY.BO
2022-04-11,896.0,896.0,874.8400268554688,875.969970703125,30230,DRREDDY.BO
2022-04-12,876.0,881.0599975585938,865.8599853515625,874.5,48550,DRREDDY.BO
2022-04-13,868.0,872.5800170898438,858.0,859.5599975585938,72855,DRREDDY.BO
2022-04-18,855.5999755859375,863.1300048828125,846.4199829101562,856.9400024414062,57775,DRREDDY.BO
2022-04-19,854.7899780273438,868.280029296875,838.2100219726562,842.2899780273438,27730,DRREDDY.BO
2022-04-20,845.8400268554688,867.25,842.7100219726562,858.2899780273438,64420,DRREDDY.BO
2022-04-21,865.0,870.2000122070312,862.5800170898438,863.719970703125,22750,DRREDDY.BO
2022-04-22,860.0,860.0,833.5999755859375,838.4199829101562,61010,DRREDDY.BO
2022-04-25,837.0,837.0,812.5999755859375,822.3400268554688,52795,DRREDDY.BO
2022-04-26,830.5499877929688,836.5800170898438,827.1300048828125,830.8900146484375,16840,DRREDDY.BO
2022-04-27,830.3499755859375,832.0499877929688,814.7999877929688,815.2899780273438,22720,DRREDDY.BO
2022-04-28,826.3800048828125,830.0,816.6400146484375,823.72998046875,18625,DRREDDY.BO
2022-04-29,832.9000244140625,853.2000122070312,823.760009765625,827.02001953125,46500,DRREDDY.BO
2022-05-02,820.0,828.3099975585938,814.1099853515625,824.4099731445312,29755,DRREDDY.BO
2022-05-04,824.4000244140625,825.6799926757812,793.1799926757812,797.8499755859375,742705,DRREDDY.BO
2022-05-05,805.7999877929688,814.4000244140625,790.52001953125,792.3599853515625,27720,DRREDDY.BO
2022-05-06,788.0,789.0399780273438,776.5,786.0,32000,DRREDDY.BO
2022-05-09,786.0,787.030029296875,774.0,781.7000122070312,29405,DRREDDY.BO
2022-05-10,781.5999755859375,786.9600219726562,778.2100219726562,782.3099975585938,25360,DRREDDY.BO
2022-05-11,789.7999877929688,789.7999877929688,770.6400146484375,777.2000122070312,35445,DRREDDY.BO
2022-05-12,775.7999877929688,779.5999755859375,757.510009765625,774.969970703125,53845,DRREDDY.BO
2022-05-13,768.739990234375,795.6500244140625,768.739990234375,784.7000122070312,29670,DRREDDY.BO
2022-05-16,797.0,797.0,772.27001953125,777.4500122070312,16915,DRREDDY.BO
2022-05-17,785.219970703125,786.8699951171875,774.4000244140625,780.8200073242188,20910,DRREDDY.BO
2022-05-18,788.0,796.7999877929688,777.1900024414062,781.6199951171875,38450,DRREDDY.BO
2022-05-19,770.0,802.8400268554688,766.3699951171875,785.6099853515625,397535,DRREDDY.BO
2022-05-20,796.7999877929688,859.7999877929688,796.5700073242188,849.260009765625,345765,DRREDDY.BO
2022-05-23,856.0,865.4099731445312,849.7999877929688,854.8499755859375,84805,DRREDDY.BO
2022-05-24,850.4500122070312,875.1900024414062,850.4500122070312,870.219970703125,101940,DRREDDY.BO
2022-05-25,876.239990234375,879.27001953125,859.3900146484375,860.989990234375,87650,DRREDDY.BO
2022-05-26,862.0,869.7999877929688,858.0,861.4500122070312,42700,DRREDDY.BO
2022-05-27,858.2000122070312,881.2899780273438,854.0399780273438,878.4000244140625,93520,DRREDDY.BO
2022-05-30,873.6199951171875,885.0,870.0,873.7999877929688,71780,DRREDDY.BO
2022-05-31,874.2000122070312,879.3300170898438,866.260009765625,873.8900146484375,35185,DRREDDY.BO
2022-06-01,868.2000122070312,871.8099975585938,860.4000244140625,863.72998046875,32625,DRREDDY.BO
2022-06-02,865.7999877929688,871.7999877929688,858.4199829101562,866.1500244140625,27390,DRREDDY.BO
2022-06-03,870.2000122070312,878.0800170898438,862.719970703125,866.8699951171875,22370,DRREDDY.BO
2022-06-06,861.0,870.0,854.75,861.780029296875,19370,DRREDDY.BO
2022-06-07,858.4000244140625,858.4000244140625,821.0,828.4299926757812,94310,DRREDDY.BO
2022-06-08,836.719970703125,842.0499877929688,823.1099853515625,839.97998046875,94050,DRREDDY.BO
2022-06-09,835.5599975585938,866.6799926757812,834.4000244140625,865.219970703125,194960,DRREDDY.BO
2022-06-10,865.2000122070312,872.760009765625,856.760009765625,870.5999755859375,89750,DRREDDY.BO
2022-06-13,859.2000122070312,870.5999755859375,851.4099731445312,853.6500244140625,50200,DRREDDY.BO
2022-06-14,852.0,864.4400024414062,847.6099853515625,861.969970703125,46360,DRREDDY.BO
2022-06-15,857.0,869.5999755859375,857.0,867.3499755859375,50235,DRREDDY.BO
2022-06-16,870.0,871.6199951171875,855.5999755859375,857.4000244140625,126845,DRREDDY.BO
2022-06-17,857.4000244140625,858.02001953125,813.3400268554688,828.7100219726562,117965,DRREDDY.BO
2022-06-20,832.969970703125,835.5399780273438,821.3300170898438,830.5800170898438,123115,DRREDDY.BO
2022-06-21,833.8699951171875,855.2899780273438,833.6400146484375,854.2100219726562,76015,DRREDDY.BO
2022-06-22,857.0,869.1699829101562,832.7999877929688,850.1199951171875,136670,DRREDDY.BO
2022-06-23,855.0,860.9199829101562,851.6199951171875,859.239990234375,26880,DRREDDY.BO
2022-06-24,862.0,874.0,858.469970703125,861.75,34405,DRREDDY.BO
2022-06-27,880.0,880.0,861.0,863.4299926757812,29195,DRREDDY.BO
2022-06-28,864.0,876.2000122070312,862.4299926757812,874.9299926757812,28315,DRREDDY.BO
2022-06-29,869.0,881.2899780273438,867.1500244140625,872.6599731445312,48125,DRREDDY.BO
2022-06-30,866.5999755859375,883.5800170898438,866.5999755859375,879.97998046875,146455,DRREDDY.BO
2022-07-01,874.010009765625,878.4000244140625,858.0,876.8699951171875,37885,DRREDDY.BO
2022-07-04,875.4000244140625,882.5900268554688,859.1099853515625,873.1400146484375,24975,DRREDDY.BO
2022-07-05,866.5599975585938,893.5700073242188,866.5599975585938,877.8900146484375,139465,DRREDDY.BO
2022-07-06,883.0,888.3900146484375,876.510009765625,878.760009765625,110725,DRREDDY.BO
2022-07-07,888.5999755859375,888.5999755859375,866.0,867.6699829101562,33650,DRREDDY.BO
2022-07-08,866.5999755859375,882.4000244140625,860.22998046875,880.7000122070312,81770,DRREDDY.BO
2022-07-11,883.0,913.5999755859375,871.4500122070312,900.5499877929688,68475,DRREDDY.BO
2022-07-12,899.7999877929688,907.5,885.4000244140625,897.0999755859375,56805,DRREDDY.BO
2022-07-13,900.0,906.6599731445312,890.0,900.6300048828125,42165,DRREDDY.BO
2022-07-14,900.0,920.5999755859375,900.0,916.239990234375,95295,DRREDDY.BO
2022-07-15,916.2000122070312,922.489990234375,904.4400024414062,908.5599975585938,43960,DRREDDY.BO
2022-07-18,919.7999877929688,922.72998046875,891.2999877929688,893.1400146484375,822420,DRREDDY.BO
2022-07-19,894.7999877929688,899.7999877929688,887.2000122070312,889.72998046875,33060,DRREDDY.BO
2022-07-20,899.5999755859375,899.5999755859375,888.0,891.489990234375,29880,DRREDDY.BO
2022-07-21,894.0,896.3699951171875,872.0900268554688,874.5999755859375,33295,DRREDDY.BO
2022-07-22,876.6199951171875,881.0,870.9299926757812,874.9000244140625,47745,DRREDDY.BO
2022-07-25,876.97998046875,877.989990234375,860.0,866.4299926757812,114710,DRREDDY.BO
2022-07-26,865.2100219726562,865.2100219726562,839.0,842.2999877929688,59200,DRREDDY.BO
2022-07-27,842.4000244140625,859.0499877929688,832.9000244140625,857.0700073242188,30555,DRREDDY.BO
2022-07-28,868.0,868.0,839.72998046875,851.8400268554688,71935,DRREDDY.BO
2022-07-29,840.0,840.0,811.1500244140625,818.0700073242188,267020,DRREDDY.BO
2022-08-01,825.0,827.7999877929688,819.3200073242188,822.3599853515625,911450,DRREDDY.BO
2022-08-02,822.7999877929688,824.989990234375,814.3200073242188,817.1699829101562,133310,DRREDDY.BO
2022-08-03,816.0,820.8499755859375,808.0,818.9199829101562,138890,DRREDDY.BO
2022-08-04,820.4000244140625,831.8300170898438,818.0800170898438,829.3699951171875,73590,DRREDDY.BO
2022-08-05,829.4000244140625,838.6500244140625,829.4000244140625,831.2000122070312,43720,DRREDDY.BO
2022-08-08,839.7999877929688,846.7999877929688,833.8400268554688,844.0700073242188,46385,DRREDDY.BO
2022-08-10,850.0,852.5999755859375,843.530029296875,848.47998046875,29100,DRREDDY.BO
2022-08-11,849.3200073242188,855.469970703125,847.760009765625,851.4299926757812,19705,DRREDDY.BO
2022-08-12,851.2000122070312,857.7999877929688,844.8900146484375,852.4500122070312,26610,DRREDDY.BO
2022-08-16,852.4000244140625,863.6099853515625,852.4000244140625,859.3800048828125,56815,DRREDDY.BO
2022-08-17,860.9400024414062,865.9199829101562,858.8400268554688,863.9199829101562,168660,DRREDDY.BO
2022-08-18,850.0,850.0,827.3599853515625,845.1099853515625,216065,DRREDDY.BO
2022-08-19,848.2000122070312,849.4000244140625,837.0,839.989990234375,212555,DRREDDY.BO
2022-08-22,845.989990234375,846.4000244140625,833.1400146484375,837.97998046875,96955,DRREDDY.BO
2022-08-23,830.0,847.0,829.0,845.2100219726562,142865,DRREDDY.BO
2022-08-24,847.7999877929688,848.4000244140625,839.47998046875,843.47998046875,48030,DRREDDY.BO
2022-08-25,840.0399780273438,852.5800170898438,840.0399780273438,848.239990234375,38755,DRREDDY.BO
2022-08-26,850.27001953125,855.3699951171875,842.6300048828125,844.4000244140625,57270,DRREDDY.BO
2022-08-29,826.0,844.3699951171875,826.0,841.7000122070312,24635,DRREDDY.BO
2022-08-30,837.010009765625,851.22998046875,837.010009765625,848.9199829101562,28685,DRREDDY.BO
2022-09-01,848.3900146484375,848.3900146484375,839.7999877929688,840.8400268554688,98160,DRREDDY.BO
2022-09-02,840.27001953125,846.1199951171875,834.8200073242188,837.6799926757812,34035,DRREDDY.BO
2022-09-05,842.97998046875,843.8099975585938,831.2999877929688,842.9600219726562,25725,DRREDDY.BO
2022-09-06,846.0,850.3200073242188,837.1500244140625,847.5499877929688,46380,DRREDDY.BO
2022-09-07,841.7999877929688,853.0999755859375,841.7999877929688,850.25,25970,DRREDDY.BO
2022-09-08,858.0,858.6500244140625,850.72998046875,854.0900268554688,80575,DRREDDY.BO
2022-09-09,848.010009765625,863.9000244140625,848.010009765625,851.1300048828125,41085,DRREDDY.BO
2022-09-12,848.0,859.97998046875,848.0,852.52001953125,51620,DRREDDY.BO
2022-09-13,852.5800170898438,861.0,847.5999755859375,850.239990234375,59670,DRREDDY.BO
2022-09-14,837.489990234375,852.2100219726562,837.489990234375,843.6799926757812,21105,DRREDDY.BO
2022-09-15,841.02001953125,845.5700073242188,828.6699829101562,833.719970703125,42865,DRREDDY.BO
2022-09-16,824.0,836.6699829101562,812.2000122070312,816.4299926757812,26870,DRREDDY.BO
2022-09-19,815.5999755859375,822.3900146484375,799.219970703125,819.7999877929688,555155,DRREDDY.BO
2022-09-20,822.239990234375,847.510009765625,821.5700073242188,843.4199829101562,30485,DRREDDY.BO
2022-09-21,843.4099731445312,853.5999755859375,826.7000122070312,829.9000244140625,69000,DRREDDY.BO
2022-09-22,826.5700073242188,844.5599975585938,822.0,836.5700073242188,34535,DRREDDY.BO
2022-09-23,836.47998046875,842.719970703125,826.0,827.9000244140625,32485,DRREDDY.BO
2022-09-26,820.0,831.530029296875,817.739990234375,826.5,66915,DRREDDY.BO
2022-09-27,826.510009765625,839.7999877929688,825.7999877929688,836.4199829101562,26730,DRREDDY.BO
2022-09-28,837.0,859.22998046875,836.3699951171875,853.4400024414062,110765,DRREDDY.BO
2022-09-29,852.280029296875,880.72998046875,852.280029296875,871.8400268554688,159415,DRREDDY.BO
2022-09-30,879.780029296875,881.2000122070312,855.0,866.7899780273438,119650,DRREDDY.BO
2022-10-03,854.1900024414062,887.72998046875,854.1900024414062,884.030029296875,105720,DRREDDY.BO
2022-10-04,888.0,889.9000244140625,875.8300170898438,882.4000244140625,53935,DRREDDY.BO
2022-10-06,884.010009765625,889.22998046875,874.4500122070312,879.739990234375,21295,DRREDDY.BO
2022-10-07,879.7899780273438,881.5900268554688,873.8499755859375,874.5900268554688,29285,DRREDDY.BO
2022-10-10,873.969970703125,877.4199829101562,864.1799926757812,876.1799926757812,22785,DRREDDY.BO
2022-10-11,881.0,881.0,850.4000244140625,856.719970703125,827630,DRREDDY.BO
2022-10-12,857.2100219726562,861.8900146484375,843.1799926757812,848.27001953125,37450,DRREDDY.BO
2022-10-13,847.010009765625,861.5999755859375,847.010009765625,850.25,42035,DRREDDY.BO
2022-10-14,864.989990234375,867.3400268554688,854.6300048828125,862.5499877929688,29385,DRREDDY.BO
2022-10-17,856.1300048828125,874.75,856.1300048828125,866.6699829101562,799410,DRREDDY.BO
2022-10-18,874.989990234375,874.989990234375,867.2100219726562,871.780029296875,13345,DRREDDY.BO
2022-10-19,868.6400146484375,877.6300048828125,862.0,863.3300170898438,22920,DRREDDY.BO
2022-10-20,862.0,870.7000122070312,856.2000122070312,869.760009765625,16755,DRREDDY.BO
2022-10-21,862.3200073242188,877.280029296875,861.989990234375,866.4500122070312,22095,DRREDDY.BO
2022-10-24,867.02001953125,877.280029296875,867.02001953125,875.4199829101562,12675,DRREDDY.BO
2022-10-25,876.0,895.1699829101562,875.0,888.25,534390,DRREDDY.BO
2022-10-27,892.5999755859375,903.5999755859375,891.6900024414062,897.9099731445312,38425,DRREDDY.BO
2022-10-28,899.530029296875,899.530029296875,886.3099975585938,892.1799926757812,40860,DRREDDY.BO
2022-10-31,904.2000122070312,925.0,868.8200073242188,886.280029296875,235460,DRREDDY.BO
2022-11-01,891.9199829101562,916.0,891.8400268554688,907.9600219726562,89785,DRREDDY.BO
2022-11-02,913.5700073242188,929.1099853515625,909.5700073242188,911.1699829101562,213240,DRREDDY.BO
2022-11-03,909.5999755859375,919.5999755859375,906.6300048828125,918.469970703125,118155,DRREDDY.BO
2022-11-04,921.0,921.0,901.510009765625,904.8300170898438,119080,DRREDDY.BO
2022-11-07,904.8300170898438,908.1500244140625,889.02001953125,897.1400146484375,94155,DRREDDY.BO
2022-11-09,904.010009765625,912.6099853515625,900.0,908.1199951171875,78660,DRREDDY.BO
2022-11-10,911.989990234375,922.8400268554688,905.4400024414062,909.510009765625,110595,DRREDDY.BO
2022-11-11,911.0399780273438,916.0,901.1400146484375,908.9400024414062,56910,DRREDDY.BO
2022-11-14,886.7999877929688,890.5800170898438,863.5999755859375,873.1500244140625,157005,DRREDDY.BO
2022-11-15,872.72998046875,889.280029296875,870.0399780273438,887.3300170898438,210985,DRREDDY.BO
2022-11-16,885.4199829101562,908.0700073242188,882.8699951171875,895.530029296875,110255,DRREDDY.BO
2022-11-17,895.530029296875,897.0800170898438,878.489990234375,882.3900146484375,35150,DRREDDY.BO
2022-11-18,890.0,890.0,875.5999755859375,882.4299926757812,33950,DRREDDY.BO
2022-11-21,874.0,877.8900146484375,863.6599731445312,870.260009765625,126705,DRREDDY.BO
2022-11-22,870.27001953125,880.0,865.3800048828125,872.3800048828125,56440,DRREDDY.BO
2022-11-23,879.1900024414062,883.8499755859375,874.1300048828125,881.4400024414062,30140,DRREDDY.BO
2022-11-24,883.2100219726562,888.27001953125,875.2100219726562,883.010009765625,33500,DRREDDY.BO
2022-11-25,882.7999877929688,886.22998046875,877.9000244140625,883.5999755859375,116220,DRREDDY.BO
2022-11-28,881.5999755859375,889.0999755859375,877.7899780273438,880.22998046875,85945,DRREDDY.BO
2022-11-29,880.22998046875,895.1900024414062,880.22998046875,890.510009765625,47000,DRREDDY.BO
2022-11-30,890.52001953125,902.72998046875,888.02001953125,897.1900024414062,48510,DRREDDY.BO
2022-12-01,895.010009765625,906.0,889.7000122070312,894.4500122070312,215630,DRREDDY.BO
2022-12-02,894.4600219726562,905.0,892.8300170898438,902.4400024414062,28255,DRREDDY.BO
2022-12-05,904.0,905.5900268554688,890.2000122070312,895.8699951171875,161270,DRREDDY.BO
2022-12-06,888.4099731445312,892.3200073242188,873.22998046875,874.7999877929688,35475,DRREDDY.BO
2022-12-07,874.7999877929688,876.3699951171875,864.2000122070312,872.47998046875,36435,DRREDDY.BO
2022-12-08,872.47998046875,875.1500244140625,866.47998046875,871.0700073242188,43330,DRREDDY.BO
2022-12-09,871.0700073242188,882.9500122070312,871.0700073242188,881.5999755859375,135415,DRREDDY.BO
2022-12-12,879.8200073242188,892.5,879.2999877929688,890.25,58990,DRREDDY.BO
2022-12-13,890.7999877929688,894.8099975585938,888.02001953125,891.1500244140625,34790,DRREDDY.BO
2022-12-14,882.2100219726562,902.0,882.2100219726562,900.6599731445312,25805,DRREDDY.BO
2022-12-15,900.5999755859375,905.4000244140625,891.780029296875,894.260009765625,24885,DRREDDY.BO
2022-12-16,891.969970703125,891.969970703125,852.5900268554688,861.8599853515625,168330,DRREDDY.BO
2022-12-19,863.2100219726562,881.5999755859375,863.2100219726562,879.5999755859375,45760,DRREDDY.BO
2022-12-20,879.5900268554688,879.5900268554688,861.9400024414062,874.0399780273438,30055,DRREDDY.BO
2022-12-21,875.2000122070312,886.47998046875,870.8699951171875,882.0999755859375,82685,DRREDDY.BO
2022-12-22,887.7899780273438,891.2000122070312,863.010009765625,869.8099975585938,84395,DRREDDY.BO
2022-12-23,870.0,882.97998046875,858.760009765625,862.3200073242188,60065,DRREDDY.BO
2022-12-26,869.989990234375,869.989990234375,846.0,849.510009765625,60735,DRREDDY.BO
2022-12-27,859.989990234375,859.989990234375,840.2999877929688,849.72998046875,35005,DRREDDY.BO
2022-12-28,852.0,853.2000122070312,843.5999755859375,850.6500244140625,20260,DRREDDY.BO
2022-12-29,857.0,870.6500244140625,845.0,851.8200073242188,108935,DRREDDY.BO
2022-12-30,859.989990234375,859.989990234375,844.4099731445312,846.8800048828125,19850,DRREDDY.BO
2023-01-02,854.989990234375,854.989990234375,842.5999755859375,847.5499877929688,24720,DRREDDY.BO
2023-01-03,844.1500244140625,852.52001953125,843.8699951171875,847.5399780273438,26725,DRREDDY.BO
2023-01-04,843.8099975585938,852.0,843.8099975585938,850.969970703125,18800,DRREDDY.BO
2023-01-05,852.0,860.6099853515625,848.1099853515625,859.239990234375,43625,DRREDDY.BO
2023-01-06,855.010009765625,863.3499755859375,852.0,853.7000122070312,15820,DRREDDY.BO
2023-01-09,859.5999755859375,867.7999877929688,857.8400268554688,866.5599975585938,24135,DRREDDY.BO
2023-01-10,864.4000244140625,869.0,856.8400268554688,857.6900024414062,16420,DRREDDY.BO
2023-01-11,858.9099731445312,863.7999877929688,848.969970703125,852.6599731445312,23925,DRREDDY.BO
2023-01-12,853.530029296875,864.0,848.7899780273438,862.1300048828125,20925,DRREDDY.BO
2023-01-13,867.7899780273438,868.0,858.219970703125,864.739990234375,37360,DRREDDY.BO
2023-01-16,862.010009765625,870.2000122070312,858.0900268554688,865.2999877929688,11535,DRREDDY.BO
2023-01-17,865.2100219726562,871.7999877929688,861.5999755859375,870.4199829101562,25985,DRREDDY.BO
2023-01-18,870.4000244140625,878.989990234375,869.280029296875,872.3900146484375,41415,DRREDDY.BO
2023-01-19,877.1400146484375,877.1400146484375,864.0,866.2899780273438,15510,DRREDDY.BO
2023-01-20,864.010009765625,880.0,864.010009765625,870.2999877929688,9095,DRREDDY.BO
2023-01-23,870.0,871.02001953125,864.5800170898438,867.75,14100,DRREDDY.BO
2023-01-24,867.5999755859375,870.77001953125,847.1900024414062,850.3599853515625,35220,DRREDDY.BO
2023-01-25,859.989990234375,859.989990234375,835.3699951171875,840.9099731445312,30880,DRREDDY.BO
2023-01-27,858.6699829101562,876.469970703125,853.0599975585938,863.6599731445312,102030,DRREDDY.BO
2023-01-30,863.0,867.6500244140625,856.27001953125,866.2899780273438,91105,DRREDDY.BO
2023-01-31,866.4099731445312,875.0999755859375,858.7100219726562,864.7999877929688,31390,DRREDDY.BO
2023-02-01,864.8099975585938,875.239990234375,862.0,870.0999755859375,17075,DRREDDY.BO
2023-02-02,864.969970703125,875.3800048828125,859.719970703125,874.010009765625,14395,DRREDDY.BO
2023-02-03,874.2000122070312,885.6199951171875,863.6199951171875,871.5800170898438,123910,DRREDDY.BO
2023-02-06,861.2100219726562,873.5999755859375,857.7100219726562,870.010009765625,18065,DRREDDY.BO
2023-02-07,866.4099731445312,893.75,866.4099731445312,888.3800048828125,147800,DRREDDY.BO
2023-02-08,888.4000244140625,899.239990234375,886.3900146484375,897.260009765625,39445,DRREDDY.BO
2023-02-09,898.010009765625,905.3800048828125,886.4099731445312,897.3300170898438,92020,DRREDDY.BO
2023-02-10,893.7000122070312,900.7100219726562,886.6099853515625,899.6199951171875,11870,DRREDDY.BO
2023-02-13,906.989990234375,911.0999755859375,901.0599975585938,904.4500122070312,42205,DRREDDY.BO
2023-02-14,910.0,912.4600219726562,900.010009765625,908.27001953125,78585,DRREDDY.BO
2023-02-15,907.6799926757812,912.3099975585938,901.02001953125,903.8499755859375,19175,DRREDDY.BO
2023-02-16,909.989990234375,909.989990234375,902.0,903.6699829101562,6455,DRREDDY.BO
2023-02-17,894.010009765625,906.5999755859375,892.9099731445312,902.1099853515625,19465,DRREDDY.BO
2023-02-20,902.1199951171875,907.8900146484375,893.1400146484375,894.6599731445312,30065,DRREDDY.BO
2023-02-21,900.5999755859375,900.5999755859375,891.8699951171875,897.3699951171875,10820,DRREDDY.BO
2023-02-22,896.0,904.1500244140625,893.030029296875,895.0399780273438,42290,DRREDDY.BO
2023-02-23,895.6199951171875,902.4000244140625,888.2000122070312,890.3900146484375,15365,DRREDDY.BO
2023-02-24,905.989990234375,905.989990234375,888.52001953125,899.8699951171875,42095,DRREDDY.BO
2023-02-27,897.8200073242188,897.8200073242188,871.0599975585938,883.0,26630,DRREDDY.BO
2023-02-28,885.22998046875,885.239990234375,860.219970703125,862.25,18755,DRREDDY.BO
2023-03-01,866.2899780273438,870.9000244140625,859.6799926757812,869.3900146484375,12980,DRREDDY.BO
2023-03-02,866.010009765625,879.989990234375,864.2000122070312,878.010009765625,57245,DRREDDY.BO
2023-03-03,880.4199829101562,889.260009765625,872.7999877929688,887.2000122070312,15865,DRREDDY.BO
2023-03-06,880.8099975585938,891.0900268554688,880.8099975585938,887.280029296875,9435,DRREDDY.BO
2023-03-08,886.4000244140625,888.6799926757812,880.72998046875,885.0499877929688,15070,DRREDDY.BO
2023-03-09,884.0,887.5499877929688,875.0,876.4099731445312,8605,DRREDDY.BO
2023-03-10,877.0,882.02001953125,870.5499877929688,879.2999877929688,18070,DRREDDY.BO
2023-03-13,870.4099731445312,883.3099975585938,869.219970703125,876.72998046875,39645,DRREDDY.BO
2023-03-14,879.5999755859375,883.7899780273438,862.0,869.8099975585938,31390,DRREDDY.BO
2023-03-15,864.530029296875,884.7999877929688,864.530029296875,879.3699951171875,19785,DRREDDY.BO
2023-03-16,876.0,885.3300170898438,873.8200073242188,876.5999755859375,15980,DRREDDY.BO
2023-03-17,885.2000122070312,893.8400268554688,879.530029296875,887.0,37585,DRREDDY.BO
2023-03-20,890.989990234375,898.3900146484375,876.6599731445312,888.3599853515625,153085,DRREDDY.BO
2023-03-21,883.010009765625,895.8800048828125,879.9000244140625,883.8599853515625,109105,DRREDDY.BO
2023-03-22,884.52001953125,896.0,883.5399780273438,895.2000122070312,11170,DRREDDY.BO
2023-03-23,897.989990234375,900.0,886.8599853515625,889.5900268554688,23495,DRREDDY.BO
2023-03-24,884.6799926757812,899.5999755859375,884.6799926757812,892.4600219726562,21665,DRREDDY.BO
2023-03-27,894.4099731445312,905.4099731445312,894.4000244140625,897.219970703125,21320,DRREDDY.BO
2023-03-28,896.5999755859375,909.489990234375,896.0999755859375,905.6599731445312,167110,DRREDDY.BO
2023-03-29,910.0,915.0,904.5900268554688,912.9000244140625,42720,DRREDDY.BO
2023-03-31,906.010009765625,931.1900024414062,906.010009765625,924.2999877929688,51760,DRREDDY.BO
2023-04-03,927.010009765625,936.2000122070312,920.47998046875,931.6199951171875,26195,DRREDDY.BO
2023-04-05,931.6199951171875,938.7999877929688,929.3400268554688,936.8900146484375,38860,DRREDDY.BO
2023-04-06,941.989990234375,942.0,935.0,940.3699951171875,33565,DRREDDY.BO
2023-04-10,941.030029296875,954.2000122070312,937.0900268554688,951.6699829101562,49670,DRREDDY.BO
2023-04-11,957.5900268554688,960.9000244140625,942.0,953.1699829101562,41095,DRREDDY.BO
2023-04-12,947.010009765625,983.3300170898438,945.9299926757812,975.5499877929688,124345,DRREDDY.BO
2023-04-13,979.0,979.0,966.1699829101562,970.8300170898438,19680,DRREDDY.BO
2023-04-17,969.9299926757812,984.530029296875,963.5599975585938,970.3699951171875,101420,DRREDDY.BO
2023-04-18,967.8099975585938,983.4000244140625,967.8099975585938,982.6400146484375,30445,DRREDDY.BO
2023-04-19,979.989990234375,987.7999877929688,975.97998046875,981.7899780273438,43295,DRREDDY.BO
2023-04-20,980.219970703125,982.6799926757812,964.1199951171875,971.6099853515625,124040,DRREDDY.BO
2023-04-21,963.8099975585938,975.719970703125,963.8099975585938,974.02001953125,17085,DRREDDY.BO
2023-04-24,969.010009765625,971.6099853515625,950.9099731445312,960.97998046875,66020,DRREDDY.BO
2023-04-25,960.0,968.1300048828125,951.5399780273438,967.3400268554688,75905,DRREDDY.BO
2023-04-26,958.010009765625,974.5999755859375,958.010009765625,968.8400268554688,36740,DRREDDY.BO
2023-04-27,975.989990234375,987.75,963.7100219726562,984.7899780273438,63120,DRREDDY.BO
2023-04-28,977.6099853515625,986.5999755859375,975.3099975585938,985.2999877929688,47495,DRREDDY.BO
2023-05-02,980.5999755859375,992.1900024414062,980.5999755859375,991.3400268554688,41455,DRREDDY.BO
2023-05-03,981.010009765625,992.0,981.010009765625,990.3099975585938,23365,DRREDDY.BO
2023-05-04,983.4199829101562,995.0,983.4199829101562,993.9199829101562,43710,DRREDDY.BO
2023-05-05,993.010009765625,997.4000244140625,984.02001953125,987.3800048828125,23665,DRREDDY.BO
2023-05-08,983.010009765625,993.5399780273438,969.1400146484375,981.2899780273438,32615,DRREDDY.BO
2023-05-09,980.010009765625,988.1300048828125,977.7899780273438,986.1099853515625,15550,DRREDDY.BO
2023-05-10,995.0,995.0,968.0,973.5999755859375,45245,DRREDDY.BO
2023-05-11,937.5999755859375,940.489990234375,904.6500244140625,906.47998046875,399025,DRREDDY.BO
2023-05-12,911.510009765625,912.0,889.0900268554688,893.1300048828125,196490,DRREDDY.BO
2023-05-15,896.969970703125,906.2000122070312,887.0900268554688,903.6799926757812,38110,DRREDDY.BO
2023-05-16,903.7000122070312,909.3200073242188,901.239990234375,903.219970703125,30440,DRREDDY.BO
2023-05-17,903.219970703125,909.1400146484375,890.2000122070312,895.6300048828125,63825,DRREDDY.BO
2023-05-18,906.27001953125,906.27001953125,880.7999877929688,884.2000122070312,32475,DRREDDY.BO
2023-05-19,888.989990234375,888.989990234375,876.6799926757812,877.8099975585938,37540,DRREDDY.BO
2023-05-22,880.5900268554688,893.7899780273438,877.1400146484375,891.2000122070312,28785,DRREDDY.BO
2023-05-23,889.1799926757812,898.5,889.1799926757812,892.02001953125,21730,DRREDDY.BO
2023-05-24,892.2100219726562,904.9400024414062,892.1099853515625,904.0900268554688,32465,DRREDDY.BO
2023-05-25,907.989990234375,907.989990234375,896.280029296875,900.4299926757812,37490,DRREDDY.BO
2023-05-26,896.4099731445312,907.7999877929688,896.4099731445312,906.010009765625,17805,DRREDDY.BO
2023-05-29,906.1900024414062,913.5900268554688,904.2000122070312,911.5999755859375,27935,DRREDDY.BO
2023-05-30,910.0,910.0,899.3599853515625,904.22998046875,26350,DRREDDY.BO
2023-05-31,900.010009765625,905.969970703125,896.6199951171875,900.760009765625,55860,DRREDDY.BO
2023-06-01,900.2100219726562,911.9299926757812,900.2100219726562,910.239990234375,36760,DRREDDY.BO
2023-06-02,906.2999877929688,923.7899780273438,906.2999877929688,921.8099975585938,38285,DRREDDY.BO
2023-06-05,926.0,931.0399780273438,919.5,920.489990234375,30170,DRREDDY.BO
2023-06-06,914.010009765625,927.7999877929688,914.010009765625,927.030029296875,17210,DRREDDY.BO
2023-06-07,930.0,935.5399780273438,928.9600219726562,934.239990234375,17855,DRREDDY.BO
2023-06-08,937.989990234375,938.5900268554688,927.5999755859375,929.5700073242188,11885,DRREDDY.BO
2023-06-09,936.989990234375,941.280029296875,929.239990234375,933.9099731445312,19925,DRREDDY.BO
2023-06-12,936.010009765625,938.8800048828125,931.1599731445312,934.7899780273438,33435,DRREDDY.BO
2023-06-13,938.010009765625,945.4000244140625,931.7999877929688,939.7000122070312,25035,DRREDDY.BO
2023-06-14,939.7100219726562,945.5999755859375,937.1099853515625,938.8900146484375,9855,DRREDDY.BO
2023-06-15,938.780029296875,971.5499877929688,938.0,960.9500122070312,47835,DRREDDY.BO
2023-06-16,964.22998046875,987.8200073242188,964.22998046875,983.3499755859375,103355,DRREDDY.BO
2023-06-19,987.5999755859375,1004.22998046875,972.8499755859375,974.7000122070312,92520,DRREDDY.BO
2023-06-20,974.7000122070312,985.3099975585938,973.969970703125,980.4299926757812,15450,DRREDDY.BO
2023-06-21,980.22998046875,989.989990234375,979.010009765625,981.7000122070312,36830,DRREDDY.BO
2023-06-22,980.010009765625,984.8499755859375,978.3099975585938,979.9400024414062,17170,DRREDDY.BO
2023-06-23,980.27001953125,1003.0,980.27001953125,998.719970703125,288890,DRREDDY.BO
2023-06-26,999.969970703125,1014.9299926757812,990.1900024414062,1008.4500122070312,53935,DRREDDY.BO
2023-06-27,1001.010009765625,1017.47998046875,1001.010009765625,1004.75,74030,DRREDDY.BO
2023-06-28,1005.0,1024.0,1001.0,1021.8200073242188,63215,DRREDDY.BO
2023-06-30,1002.6099853515625,1034.719970703125,1002.6099853515625,1031.199951171875,238985,DRREDDY.BO
2023-07-03,1031.199951171875,1035.25,1017.9099731445312,1020.0800170898438,27230,DRREDDY.BO
2023-07-04,1021.010009765625,1040.0,1017.0999755859375,1037.9100341796875,68010,DRREDDY.BO
2023-07-05,1039.5899658203125,1040.550048828125,1027.530029296875,1035.3299560546875,59100,DRREDDY.BO
2023-07-06,1039.989990234375,1051.0,1035.0899658203125,1046.3299560546875,24815,DRREDDY.BO
2023-07-07,1049.7900390625,1054.469970703125,1008.530029296875,1036.4599609375,151335,DRREDDY.BO
2023-07-10,1050.989990234375,1050.989990234375,1029.1099853515625,1031.199951171875,17910,DRREDDY.BO
2023-07-11,1024.2099609375,1042.9599609375,1022.280029296875,1032.8399658203125,28990,DRREDDY.BO
2023-07-12,1022.2899780273438,1039.77001953125,1022.2899780273438,1037.6700439453125,22320,DRREDDY.BO
2023-07-13,1039.1800537109375,1040.4300537109375,1026.530029296875,1028.93994140625,37495,DRREDDY.BO
2023-07-14,1028.949951171875,1032.449951171875,1015.5399780273438,1018.0700073242188,129155,DRREDDY.BO
2023-07-17,1018.4000244140625,1048.5999755859375,1018.4000244140625,1046.219970703125,52910,DRREDDY.BO
2023-07-18,1045.989990234375,1045.989990234375,1029.8199462890625,1038.1600341796875,54510,DRREDDY.BO
2023-07-19,1028.9599609375,1053.8499755859375,1028.9599609375,1044.3199462890625,52575,DRREDDY.BO
2023-07-20,1045.199951171875,1078.469970703125,1045.199951171875,1068.1400146484375,260425,DRREDDY.BO
2023-07-21,1065.97998046875,1067.7900390625,1056.0,1057.5400390625,119525,DRREDDY.BO
2023-07-24,1055.6400146484375,1087.0,1054.0,1078.3499755859375,52575,DRREDDY.BO
2023-07-25,1080.18994140625,1095.510009765625,1077.9300537109375,1085.260009765625,74725,DRREDDY.BO
2023-07-26,1085.27001953125,1097.81005859375,1080.4000244140625,1095.300048828125,46965,DRREDDY.BO
2023-07-27,1107.0,1122.77001953125,1085.0,1100.8299560546875,264515,DRREDDY.BO
2023-07-28,1103.75,1123.260009765625,1103.4300537109375,1117.5,103120,DRREDDY.BO
2023-07-31,1116.0,1132.0,1114.7900390625,1129.260009765625,122125,DRREDDY.BO
2023-08-01,1111.52001953125,1141.199951171875,1111.52001953125,1132.8299560546875,119050,DRREDDY.BO
2023-08-02,1133.4000244140625,1138.1600341796875,1127.1099853515625,1130.0,44885,DRREDDY.BO
2023-08-03,1130.0,1146.9599609375,1124.52001953125,1131.3499755859375,62360,DRREDDY.BO
2023-08-04,1137.800048828125,1142.1800537109375,1128.010009765625,1129.6199951171875,27635,DRREDDY.BO
2023-08-07,1129.8199462890625,1137.5999755859375,1124.1300048828125,1126.2900390625,78935,DRREDDY.BO
2023-08-08,1126.2099609375,1147.449951171875,1126.2099609375,1131.5999755859375,178565,DRREDDY.BO
2023-08-09,1134.0,1176.3900146484375,1134.0,1173.280029296875,491660,DRREDDY.BO
2023-08-10,1177.0,1183.3699951171875,1160.93994140625,1168.3199462890625,167200,DRREDDY.BO
2023-08-11,1166.1800537109375,1176.2099609375,1161.56005859375,1163.010009765625,100335,DRREDDY.BO
2023-08-14,1164.0,1175.6600341796875,1160.010009765625,1164.0400390625,60420,DRREDDY.BO
2023-08-16,1167.199951171875,1177.3699951171875,1155.1800537109375,1173.68994140625,40285,DRREDDY.BO
2023-08-17,1151.4599609375,1181.4599609375,1151.4599609375,1176.06005859375,145225,DRREDDY.BO
2023-08-18,1183.7900390625,1195.9300537109375,1168.030029296875,1174.4200439453125,115365,DRREDDY.BO
2023-08-21,1174.4000244140625,1184.5999755859375,1170.7099609375,1181.56005859375,78480,DRREDDY.BO
2023-08-22,1183.0,1188.469970703125,1181.550048828125,1185.260009765625,76390,DRREDDY.BO
2023-08-23,1183.0,1194.9000244140625,1182.1700439453125,1190.800048828125,183450,DRREDDY.BO
2023-08-24,1195.0,1197.239990234375,1178.3599853515625,1180.5999755859375,178145,DRREDDY.BO
2023-08-25,1186.3900146484375,1186.3900146484375,1154.2099609375,1155.699951171875,35100,DRREDDY.BO
2023-08-28,1156.0,1165.719970703125,1145.8499755859375,1156.4599609375,80215,DRREDDY.BO
2023-08-29,1156.3900146484375,1157.030029296875,1143.0699462890625,1145.7099609375,313130,DRREDDY.BO
2023-08-30,1142.010009765625,1151.280029296875,1127.3699951171875,1129.0999755859375,77410,DRREDDY.BO
2023-08-31,1131.4000244140625,1139.0,1117.8299560546875,1123.1800537109375,117330,DRREDDY.BO
2023-09-01,1129.989990234375,1129.989990234375,1110.2099609375,1115.6400146484375,41640,DRREDDY.BO
2023-09-04,1112.010009765625,1133.5899658203125,1112.010009765625,1132.22998046875,23310,DRREDDY.BO
2023-09-05,1130.0,1130.0,1113.1099853515625,1115.52001953125,59250,DRREDDY.BO
2023-09-06,1112.010009765625,1127.550048828125,1111.8199462890625,1116.22998046875,174415,DRREDDY.BO
2023-09-07,1116.22998046875,1130.6700439453125,1116.22998046875,1122.7900390625,142495,DRREDDY.BO
2023-09-08,1123.010009765625,1126.989990234375,1114.199951171875,1116.469970703125,15145,DRREDDY.BO
2023-09-11,1116.469970703125,1132.3599853515625,1116.469970703125,1122.47998046875,57580,DRREDDY.BO
2023-09-12,1125.47998046875,1143.8199462890625,1125.47998046875,1135.25,84850,DRREDDY.BO
2023-09-13,1140.010009765625,1151.1700439453125,1133.97998046875,1148.1700439453125,51735,DRREDDY.BO
2023-09-14,1150.6199951171875,1159.760009765625,1141.0,1148.68994140625,37570,DRREDDY.BO
2023-09-15,1150.4000244140625,1169.0,1147.1099853515625,1164.52001953125,20780,DRREDDY.BO
2023-09-18,1160.010009765625,1166.219970703125,1144.4000244140625,1145.449951171875,49325,DRREDDY.BO
2023-09-20,1143.010009765625,1143.010009765625,1120.43994140625,1122.2099609375,25645,DRREDDY.BO
2023-09-21,1124.199951171875,1138.8599853515625,1122.5999755859375,1134.3299560546875,111405,DRREDDY.BO
2023-09-22,1126.280029296875,1138.5899658203125,1100.4200439453125,1103.27001953125,73385,DRREDDY.BO
2023-09-25,1104.0699462890625,1106.22998046875,1086.0,1087.8800048828125,158545,DRREDDY.BO
2023-09-26,1089.0,1105.0,1089.0,1093.6199951171875,51775,DRREDDY.BO
2023-09-27,1100.0,1120.949951171875,1096.800048828125,1098.969970703125,75740,DRREDDY.BO
2023-09-28,1100.010009765625,1101.47998046875,1082.4000244140625,1085.1099853515625,21540,DRREDDY.BO
2023-09-29,1086.010009765625,1125.9100341796875,1086.010009765625,1117.3499755859375,54935,DRREDDY.BO
2023-10-03,1115.5999755859375,1116.7900390625,1090.0,1091.9599609375,39290,DRREDDY.BO
2023-10-04,1094.989990234375,1099.469970703125,1080.2900390625,1082.6500244140625,22550,DRREDDY.BO
2023-10-05,1094.989990234375,1095.550048828125,1080.0,1081.56005859375,82830,DRREDDY.BO
2023-10-06,1082.010009765625,1097.6099853515625,1082.0,1084.199951171875,122690,DRREDDY.BO
2023-10-09,1084.18994140625,1105.030029296875,1081.4599609375,1099.260009765625,38885,DRREDDY.BO
2023-10-10,1095.010009765625,1097.06005859375,1085.1600341796875,1095.449951171875,40390,DRREDDY.BO
2023-10-11,1097.4000244140625,1117.5999755859375,1097.4000244140625,1113.449951171875,521705,DRREDDY.BO
2023-10-12,1119.989990234375,1119.989990234375,1103.6700439453125,1105.97998046875,17495,DRREDDY.BO
2023-10-13,1080.010009765625,1104.1099853515625,1080.010009765625,1092.199951171875,67775,DRREDDY.BO
2023-10-16,1102.989990234375,1102.989990234375,1092.199951171875,1098.030029296875,64805,DRREDDY.BO
2023-10-17,1094.2099609375,1114.0,1094.2099609375,1109.77001953125,145030,DRREDDY.BO
2023-10-18,1108.0,1138.4000244140625,1108.0,1135.1700439453125,90415,DRREDDY.BO
2023-10-19,1127.06005859375,1133.800048828125,1122.050048828125,1124.9000244140625,232575,DRREDDY.BO
2023-10-20,1129.989990234375,1129.989990234375,1110.5999755859375,1114.300048828125,18210,DRREDDY.BO
2023-10-23,1116.7900390625,1133.06005859375,1105.3199462890625,1108.800048828125,46180,DRREDDY.BO
2023-10-25,1113.300048828125,1121.6700439453125,1100.0999755859375,1102.449951171875,39325,DRREDDY.BO
2023-10-26,1091.81005859375,1102.56005859375,1069.0,1084.9100341796875,137115,DRREDDY.BO
2023-10-27,1084.9100341796875,1089.9599609375,1071.77001953125,1077.1099853515625,220130,DRREDDY.BO
2023-10-30,1079.4000244140625,1079.4000244140625,1042.4200439453125,1068.3499755859375,110280,DRREDDY.BO
2023-10-31,1088.989990234375,1088.989990234375,1070.7900390625,1072.3800048828125,102450,DRREDDY.BO
2023-11-01,1079.6400146484375,1083.43994140625,1062.56005859375,1069.52001953125,102535,DRREDDY.BO
2023-11-02,1077.0,1082.199951171875,1065.0,1066.8699951171875,132275,DRREDDY.BO
2023-11-03,1077.8699951171875,1077.8699951171875,1049.3599853515625,1052.2099609375,40055,DRREDDY.BO
2023-11-06,1060.8599853515625,1069.9000244140625,1057.719970703125,1067.800048828125,24735,DRREDDY.BO
2023-11-07,1069.010009765625,1094.72998046875,1064.52001953125,1080.239990234375,89245,DRREDDY.BO
2023-11-08,1081.219970703125,1099.9100341796875,1081.219970703125,1088.2900390625,67405,DRREDDY.BO
2023-11-09,1099.199951171875,1099.5999755859375,1088.4000244140625,1090.56005859375,133875,DRREDDY.BO
2023-11-10,1089.989990234375,1089.989990234375,1075.0,1085.239990234375,91515,DRREDDY.BO
2023-11-13,1088.0,1096.0,1076.5999755859375,1083.8800048828125,22480,DRREDDY.BO
2023-11-15,1084.010009765625,1090.3199462890625,1081.0799560546875,1083.8699951171875,13850,DRREDDY.BO
2023-11-16,1090.0,1114.43994140625,1086.199951171875,1108.739990234375,34915,DRREDDY.BO
2023-11-17,1108.8499755859375,1127.199951171875,1108.8499755859375,1121.5,205705,DRREDDY.BO
2023-11-20,1124.7900390625,1130.9100341796875,1118.0,1120.9100341796875,29530,DRREDDY.BO
2023-11-21,1127.989990234375,1135.199951171875,1121.1099853515625,1129.219970703125,259080,DRREDDY.BO
2023-11-22,1132.0,1145.8299560546875,1130.77001953125,1132.6500244140625,89805,DRREDDY.BO
2023-11-23,1137.989990234375,1137.989990234375,1122.3699951171875,1128.72998046875,27390,DRREDDY.BO
2023-11-24,1128.739990234375,1150.81005859375,1123.52001953125,1128.5899658203125,46170,DRREDDY.BO
2023-11-28,1128.5999755859375,1142.760009765625,1128.5999755859375,1134.25,18525,DRREDDY.BO
2023-11-29,1140.0,1148.489990234375,1130.9100341796875,1143.1099853515625,33630,DRREDDY.BO
2023-11-30,1147.7900390625,1159.7900390625,1146.3499755859375,1157.550048828125,73040,DRREDDY.BO
2023-12-01,1156.010009765625,1170.949951171875,1147.06005859375,1149.47998046875,37425,DRREDDY.BO
2023-12-04,1165.5899658203125,1165.5899658203125,1146.010009765625,1149.8599853515625,35765,DRREDDY.BO
2023-12-05,1153.4000244140625,1164.0699462890625,1148.52001953125,1155.22998046875,24310,DRREDDY.BO
2023-12-06,1159.989990234375,1162.969970703125,1141.8499755859375,1145.5899658203125,33395,DRREDDY.BO
2023-12-07,1157.3499755859375,1169.699951171875,1150.0799560546875,1156.81005859375,37100,DRREDDY.BO
2023-12-08,1156.030029296875,1156.3199462890625,1142.4000244140625,1152.699951171875,32460,DRREDDY.BO
2023-12-11,1103.800048828125,1111.989990234375,1074.3499755859375,1094.5799560546875,199930,DRREDDY.BO
2023-12-12,1101.300048828125,1126.97998046875,1095.8800048828125,1108.0699462890625,154570,DRREDDY.BO
2023-12-13,1110.0799560546875,1121.5999755859375,1105.719970703125,1118.760009765625,260730,DRREDDY.BO
2023-12-14,1120.9000244140625,1125.75,1113.300048828125,1114.1600341796875,131340,DRREDDY.BO
2023-12-15,1125.75,1125.75,1108.5,1118.449951171875,130965,DRREDDY.BO
2023-12-18,1119.1700439453125,1137.0,1114.8699951171875,1118.68994140625,104710,DRREDDY.BO
2023-12-19,1121.510009765625,1129.800048828125,1118.5999755859375,1127.56005859375,51200,DRREDDY.BO
2023-12-20,1126.030029296875,1134.9599609375,1110.25,1114.97998046875,71275,DRREDDY.BO
2023-12-21,1111.9200439453125,1117.31005859375,1094.8800048828125,1111.3800048828125,29860,DRREDDY.BO
2023-12-22,1116.72998046875,1131.0,1112.5999755859375,1126.6700439453125,67115,DRREDDY.BO
2023-12-26,1126.6700439453125,1139.0,1121.010009765625,1127.5,105625,DRREDDY.BO
2023-12-27,1126.800048828125,1144.0,1120.5799560546875,1142.5699462890625,73810,DRREDDY.BO
2023-12-28,1143.199951171875,1177.97998046875,1134.4200439453125,1169.6400146484375,64785,DRREDDY.BO
2023-12-29,1173.989990234375,1173.989990234375,1152.81005859375,1159.5799560546875,67010,DRREDDY.BO
2024-01-01,1163.7900390625,1170.77001953125,1161.72998046875,1163.81005859375,46075,DRREDDY.BO
2024-01-02,1163.7900390625,1190.0,1163.7900390625,1184.969970703125,62755,DRREDDY.BO
2024-01-03,1185.5400390625,1193.0,1178.0,1186.2099609375,43925,DRREDDY.BO
2024-01-04,1189.5699462890625,1189.5699462890625,1165.199951171875,1168.6099853515625,207950,DRREDDY.BO
2024-01-05,1173.010009765625,1174.5899658203125,1161.510009765625,1169.300048828125,45440,DRREDDY.BO
2024-01-08,1175.0,1176.0,1146.56005859375,1152.0799560546875,53480,DRREDDY.BO
2024-01-09,1162.6199951171875,1163.25,1149.1300048828125,1149.8900146484375,18635,DRREDDY.BO
2024-01-10,1155.969970703125,1159.969970703125,1138.56005859375,1157.3599853515625,23820,DRREDDY.BO
2024-01-11,1156.760009765625,1156.760009765625,1129.219970703125,1138.4000244140625,136045,DRREDDY.BO
2024-01-12,1148.0,1148.0,1129.52001953125,1137.989990234375,21325,DRREDDY.BO
2024-01-15,1142.02001953125,1159.97998046875,1140.6500244140625,1156.530029296875,109925,DRREDDY.BO
2024-01-16,1148.6300048828125,1159.0699462890625,1141.8599853515625,1151.6199951171875,26015,DRREDDY.BO
2024-01-17,1151.97998046875,1151.97998046875,1126.0,1129.0899658203125,32990,DRREDDY.BO
2024-01-18,1123.3499755859375,1133.5,1104.68994140625,1129.949951171875,188720,DRREDDY.BO
2024-01-19,1136.0,1143.0999755859375,1122.780029296875,1133.9100341796875,14505,DRREDDY.BO
2024-01-23,1128.219970703125,1150.800048828125,1128.219970703125,1133.72998046875,25615,DRREDDY.BO
2024-01-24,1136.6400146484375,1183.0,1136.6400146484375,1180.6700439453125,105025,DRREDDY.BO
2024-01-25,1180.6700439453125,1184.5999755859375,1162.4100341796875,1170.780029296875,60330,DRREDDY.BO
2024-01-29,1167.9300537109375,1178.27001953125,1148.199951171875,1168.780029296875,25915,DRREDDY.BO
2024-01-30,1183.969970703125,1190.0,1166.1600341796875,1169.1500244140625,56755,DRREDDY.BO
2024-01-31,1167.97998046875,1227.489990234375,1162.0,1224.2900390625,339935,DRREDDY.BO
2024-02-01,1219.3900146484375,1230.3800048828125,1190.510009765625,1197.969970703125,123505,DRREDDY.BO
2024-02-02,1198.030029296875,1214.56005859375,1198.030029296875,1207.760009765625,37715,DRREDDY.BO
2024-02-05,1200.0899658203125,1227.7900390625,1199.719970703125,1218.3599853515625,40410,DRREDDY.BO
2024-02-06,1216.0,1238.300048828125,1215.5999755859375,1233.1099853515625,44415,DRREDDY.BO
2024-02-07,1231.81005859375,1238.280029296875,1226.0,1235.9000244140625,24905,DRREDDY.BO
2024-02-08,1236.030029296875,1240.739990234375,1225.4000244140625,1232.3699951171875,13945,DRREDDY.BO
2024-02-09,1226.0699462890625,1240.449951171875,1220.0699462890625,1230.489990234375,48350,DRREDDY.BO
2024-02-12,1240.010009765625,1278.0,1240.010009765625,1266.760009765625,176425,DRREDDY.BO
2024-02-13,1268.1400146484375,1282.2900390625,1261.489990234375,1266.9300537109375,66030,DRREDDY.BO
2024-02-14,1267.969970703125,1267.969970703125,1234.4000244140625,1251.989990234375,29905,DRREDDY.BO
2024-02-15,1249.4300537109375,1260.0,1240.9000244140625,1250.760009765625,30655,DRREDDY.BO
2024-02-16,1254.0699462890625,1272.6300048828125,1249.300048828125,1263.239990234375,45120,DRREDDY.BO
2024-02-19,1264.989990234375,1290.4599609375,1263.5999755859375,1283.0899658203125,37330,DRREDDY.BO
2024-02-20,1285.0,1292.800048828125,1268.6800537109375,1275.3599853515625,20095,DRREDDY.BO
2024-02-21,1275.489990234375,1280.989990234375,1261.31005859375,1269.68994140625,24910,DRREDDY.BO
2024-02-22,1276.8900146484375,1276.8900146484375,1247.0,1272.780029296875,31905,DRREDDY.BO
2024-02-23,1272.4000244140625,1298.989990234375,1272.4000244140625,1289.0,49725,DRREDDY.BO
2024-02-26,1280.0699462890625,1298.0,1276.0,1287.699951171875,34480,DRREDDY.BO
2024-02-27,1287.6600341796875,1292.3499755859375,1277.4599609375,1289.800048828125,12585,DRREDDY.BO
2024-02-28,1290.989990234375,1301.0999755859375,1279.3599853515625,1285.3499755859375,19715,DRREDDY.BO
2024-02-29,1280.0,1294.4000244140625,1271.6099853515625,1284.0799560546875,31515,DRREDDY.BO
2024-03-01,1289.800048828125,1294.199951171875,1235.0,1239.47998046875,84995,DRREDDY.BO
2024-03-04,1246.0899658203125,1287.3800048828125,1246.0899658203125,1267.18994140625,64095,DRREDDY.BO
2024-03-05,1261.3900146484375,1267.5999755859375,1247.219970703125,1261.1300048828125,76300,DRREDDY.BO
2024-03-06,1256.0899658203125,1265.989990234375,1237.739990234375,1263.010009765625,33270,DRREDDY.BO
2024-03-07,1264.989990234375,1273.300048828125,1260.97998046875,1264.6600341796875,28150,DRREDDY.BO
2024-03-11,1266.0799560546875,1284.0,1262.68994140625,1276.7099609375,12130,DRREDDY.BO
2024-03-12,1279.8900146484375,1283.77001953125,1254.4200439453125,1259.6400146484375,22625,DRREDDY.BO
2024-03-13,1254.0899658203125,1269.469970703125,1249.3900146484375,1259.8399658203125,17405,DRREDDY.BO
2024-03-14,1240.010009765625,1263.3900146484375,1240.010009765625,1259.8399658203125,12200,DRREDDY.BO
2024-03-15,1258.0,1261.6500244140625,1243.4000244140625,1257.2900390625,57815,DRREDDY.BO
2024-03-18,1253.0,1270.81005859375,1253.0,1268.0400390625,20130,DRREDDY.BO
2024-03-19,1272.010009765625,1272.010009765625,1225.0,1227.6800537109375,111170,DRREDDY.BO
2024-03-20,1222.3299560546875,1228.0400390625,1204.4000244140625,1220.31005859375,33585,DRREDDY.BO
2024-03-21,1233.4599609375,1233.4599609375,1213.1400146484375,1225.8399658203125,11615,DRREDDY.BO
2024-03-22,1225.8499755859375,1247.199951171875,1221.489990234375,1240.3199462890625,37210,DRREDDY.BO
2024-03-26,1259.93994140625,1259.93994140625,1221.4000244140625,1225.3900146484375,1318390,DRREDDY.BO
2024-03-27,1230.0,1230.0,1207.0999755859375,1209.52001953125,17645,DRREDDY.BO
2024-03-28,1219.27001953125,1242.2900390625,1216.3499755859375,1231.030029296875,68510,DRREDDY.BO
2024-04-01,1235.780029296875,1256.4200439453125,1232.0,1250.1700439453125,27330,DRREDDY.BO
2024-04-02,1250.5899658203125,1253.989990234375,1241.489990234375,1246.97998046875,25915,DRREDDY.BO
2024-04-03,1254.9100341796875,1254.9100341796875,1222.4200439453125,1224.489990234375,24065,DRREDDY.BO
2024-04-04,1231.800048828125,1234.0,1210.0,1228.239990234375,34175,DRREDDY.BO
2024-04-05,1228.5999755859375,1261.25,1228.5999755859375,1235.02001953125,57125,DRREDDY.BO
2024-04-08,1246.7900390625,1246.7900390625,1227.4000244140625,1234.280029296875,27715,DRREDDY.BO
2024-04-09,1235.72998046875,1245.800048828125,1231.0999755859375,1233.6099853515625,11930,DRREDDY.BO
2024-04-10,1243.0699462890625,1243.0699462890625,1228.93994140625,1231.8800048828125,32860,DRREDDY.BO
2024-04-12,1239.8900146484375,1239.8900146484375,1215.0,1216.8900146484375,106355,DRREDDY.BO
2024-04-15,1212.010009765625,1214.0,1196.5,1202.0,48565,DRREDDY.BO
2024-04-16,1203.530029296875,1214.199951171875,1197.4000244140625,1210.4000244140625,45790,DRREDDY.BO
2024-04-18,1217.719970703125,1224.25,1188.199951171875,1191.8199462890625,63830,DRREDDY.BO
2024-04-19,1192.1099853515625,1194.0,1176.22998046875,1188.530029296875,131655,DRREDDY.BO
2024-04-22,1192.0999755859375,1212.43994140625,1192.0999755859375,1203.0,37180,DRREDDY.BO
2024-04-23,1208.1199951171875,1212.7900390625,1187.9100341796875,1190.8199462890625,10720,DRREDDY.BO
2024-04-24,1192.0,1198.27001953125,1184.5999755859375,1190.239990234375,34215,DRREDDY.BO
2024-04-25,1197.6500244140625,1251.800048828125,1186.0,1243.4300537109375,139860,DRREDDY.BO
2024-04-26,1247.9200439453125,1262.0,1236.3399658203125,1250.6500244140625,43185,DRREDDY.BO
2024-04-29,1252.6400146484375,1265.06005859375,1240.1500244140625,1258.699951171875,58875,DRREDDY.BO
2024-04-30,1258.72998046875,1262.030029296875,1237.7099609375,1241.02001953125,35765,DRREDDY.BO
2024-05-02,1240.31005859375,1259.4000244140625,1239.780029296875,1257.6600341796875,40425,DRREDDY.BO
2024-05-03,1258.3599853515625,1284.0,1252.0,1269.989990234375,142140,DRREDDY.BO
2024-05-06,1282.0699462890625,1282.0699462890625,1248.949951171875,1260.1600341796875,59925,DRREDDY.BO
2024-05-07,1264.800048828125,1269.5999755859375,1240.010009765625,1251.8299560546875,59050,DRREDDY.BO
2024-05-08,1220.0,1221.25,1190.4200439453125,1211.3199462890625,192005,DRREDDY.BO
2024-05-09,1211.760009765625,1214.68994140625,1174.4100341796875,1175.81005859375,103830,DRREDDY.BO
2024-05-10,1175.5999755859375,1186.739990234375,1164.0,1183.3599853515625,41490,DRREDDY.BO
2024-05-13,1185.4000244140625,1185.4000244140625,1170.6099853515625,1183.7099609375,20055,DRREDDY.BO
2024-05-14,1189.97998046875,1189.97998046875,1171.0,1174.199951171875,35205,DRREDDY.BO
2024-05-15,1178.199951171875,1192.9300537109375,1172.4300537109375,1174.469970703125,40325,DRREDDY.BO
2024-05-16,1185.5999755859375,1185.5999755859375,1142.0999755859375,1168.0899658203125,52900,DRREDDY.BO
2024-05-17,1169.5999755859375,1171.4200439453125,1158.4100341796875,1159.8499755859375,27945,DRREDDY.BO
2024-05-21,1162.9599609375,1166.6800537109375,1155.0,1156.1400146484375,47510,DRREDDY.BO
2024-05-22,1168.81005859375,1181.050048828125,1158.800048828125,1174.530029296875,75460,DRREDDY.BO
2024-05-23,1180.0,1186.4000244140625,1167.0400390625,1178.449951171875,22900,DRREDDY.BO
2024-05-24,1178.5999755859375,1182.0699462890625,1168.06005859375,1172.9000244140625,18790,DRREDDY.BO
2024-05-27,1172.9000244140625,1178.6600341796875,1159.5,1176.8699951171875,40935,DRREDDY.BO
2024-05-28,1176.8699951171875,1200.9200439453125,1175.1800537109375,1191.1300048828125,115820,DRREDDY.BO
2024-05-29,1193.5999755859375,1203.0,1182.6099853515625,1199.93994140625,21075,DRREDDY.BO
2024-05-30,1189.800048828125,1194.8299560546875,1166.469970703125,1175.3399658203125,143995,DRREDDY.BO
2024-05-31,1176.0999755859375,1179.25,1151.489990234375,1157.510009765625,55535,DRREDDY.BO
2024-06-03,1195.3900146484375,1195.3900146484375,1155.469970703125,1156.77001953125,24450,DRREDDY.BO
2024-06-04,1160.010009765625,1165.5899658203125,1120.010009765625,1146.1700439453125,125910,DRREDDY.BO
2024-06-05,1159.5899658203125,1176.530029296875,1145.3699951171875,1164.5799560546875,55910,DRREDDY.BO
2024-06-06,1173.5999755859375,1185.0,1157.2099609375,1179.4100341796875,25235,DRREDDY.BO
2024-06-07,1179.0,1216.760009765625,1175.949951171875,1211.81005859375,117420,DRREDDY.BO
2024-06-10,1213.0,1231.4000244140625,1202.010009765625,1220.25,42250,DRREDDY.BO
2024-06-11,1220.239990234375,1220.239990234375,1205.3699951171875,1207.1500244140625,56890,DRREDDY.BO
2024-06-12,1207.5,1217.0,1199.9300537109375,1212.6500244140625,121795,DRREDDY.BO
2024-06-13,1225.989990234375,1225.989990234375,1207.0,1219.02001953125,82195,DRREDDY.BO
2024-06-14,1211.239990234375,1222.9599609375,1207.68994140625,1216.8900146484375,17235,DRREDDY.BO
2024-06-18,1205.780029296875,1210.0,1196.4000244140625,1198.7900390625,237715,DRREDDY.BO
2024-06-19,1199.5799560546875,1199.5799560546875,1184.0999755859375,1190.9599609375,92905,DRREDDY.BO
2024-06-20,1190.7900390625,1198.969970703125,1177.800048828125,1192.6500244140625,48660,DRREDDY.BO
2024-06-21,1194.800048828125,1210.7900390625,1192.199951171875,1201.739990234375,86795,DRREDDY.BO
2024-06-24,1191.6099853515625,1219.5400390625,1191.6099853515625,1213.489990234375,22325,DRREDDY.BO
2024-06-25,1214.010009765625,1218.010009765625,1203.5999755859375,1214.7900390625,31130,DRREDDY.BO
2024-06-26,1214.47998046875,1218.5699462890625,1205.800048828125,1213.68994140625,16140,DRREDDY.BO
2024-06-27,1207.5899658203125,1250.0,1199.969970703125,1247.9100341796875,197355,DRREDDY.BO
2024-06-28,1250.0,1284.5999755859375,1250.0,1281.1500244140625,226745,DRREDDY.BO
2024-07-01,1282.06005859375,1295.97998046875,1267.0400390625,1270.300048828125,87000,DRREDDY.BO
2024-07-02,1271.989990234375,1276.18994140625,1256.56005859375,1274.3299560546875,56215,DRREDDY.BO
2024-07-03,1279.989990234375,1304.989990234375,1273.5899658203125,1285.6099853515625,144090,DRREDDY.BO
2024-07-04,1288.5899658203125,1307.989990234375,1274.3599853515625,1296.5,94110,DRREDDY.BO
2024-07-05,1293.739990234375,1308.6400146484375,1292.0,1304.5799560546875,67950,DRREDDY.BO
2024-07-08,1304.4000244140625,1315.0,1296.97998046875,1307.4200439453125,36440,DRREDDY.BO
2024-07-09,1308.010009765625,1318.52001953125,1285.6700439453125,1316.6500244140625,68195,DRREDDY.BO
2024-07-10,1314.97998046875,1320.6099853515625,1296.0,1318.7900390625,51495,DRREDDY.BO
2024-07-11,1318.510009765625,1323.81005859375,1307.469970703125,1319.1600341796875,163935,DRREDDY.BO
2024-07-12,1319.800048828125,1348.3800048828125,1312.969970703125,1344.3299560546875,74170,DRREDDY.BO
2024-07-15,1357.5699462890625,1376.5400390625,1340.6500244140625,1358.56005859375,64895,DRREDDY.BO
2024-07-16,1351.7900390625,1355.4200439453125,1327.050048828125,1328.6300048828125,45430,DRREDDY.BO
2024-07-18,1343.989990234375,1343.989990234375,1318.47998046875,1333.02001953125,31030,DRREDDY.BO
2024-07-19,1342.9100341796875,1342.9100341796875,1325.52001953125,1327.81005859375,35660,DRREDDY.BO
2024-07-22,1303.0999755859375,1356.0,1303.0999755859375,1353.8499755859375,80230,DRREDDY.BO
2024-07-23,1345.3900146484375,1376.800048828125,1344.27001953125,1372.9599609375,25935,DRREDDY.BO
2024-07-24,1387.4000244140625,1388.030029296875,1359.1800537109375,1363.4300537109375,50260,DRREDDY.BO
2024-07-25,1361.8699951171875,1374.4599609375,1352.0,1370.8399658203125,20440,DRREDDY.BO
2024-07-26,1375.5999755859375,1392.0,1359.0799560546875,1378.4300537109375,59435,DRREDDY.BO
2024-07-29,1406.0,1406.0,1348.0,1368.010009765625,93485,DRREDDY.BO
2024-07-30,1378.989990234375,1378.989990234375,1358.4000244140625,1360.5699462890625,41785,DRREDDY.BO
2024-07-31,1361.5999755859375,1365.0400390625,1347.3199462890625,1349.7900390625,23960,DRREDDY.BO
2024-08-01,1360.0,1380.47998046875,1352.469970703125,1378.8599853515625,49620,DRREDDY.BO
2024-08-02,1377.0,1396.3599853515625,1373.739990234375,1392.0,70630,DRREDDY.BO
2024-08-05,1364.97998046875,1391.72998046875,1359.219970703125,1363.280029296875,30710,DRREDDY.BO
2024-08-06,1363.4200439453125,1383.0,1359.199951171875,1361.3800048828125,49930,DRREDDY.BO
2024-08-07,1377.989990234375,1388.1500244140625,1370.0,1385.5899658203125,16995,DRREDDY.BO
2024-08-08,1387.010009765625,1407.25,1383.18994140625,1387.449951171875,67295,DRREDDY.BO
2024-08-09,1397.989990234375,1405.1199951171875,1392.969970703125,1402.989990234375,17040,DRREDDY.BO
2024-08-12,1400.010009765625,1404.760009765625,1375.010009765625,1377.3800048828125,46995,DRREDDY.BO
2024-08-13,1388.8199462890625,1391.989990234375,1371.0,1389.469970703125,61965,DRREDDY.BO
2024-08-14,1397.9599609375,1397.9599609375,1358.469970703125,1360.3599853515625,17340,DRREDDY.BO
2024-08-16,1361.06005859375,1370.010009765625,1351.800048828125,1358.81005859375,33040,DRREDDY.BO
2024-08-19,1360.1700439453125,1384.989990234375,1360.1700439453125,1382.050048828125,47705,DRREDDY.BO
2024-08-20,1390.81005859375,1394.6500244140625,1381.0400390625,1392.969970703125,14145,DRREDDY.BO
2024-08-21,1400.0,1420.199951171875,1393.0,1411.97998046875,31980,DRREDDY.BO
2024-08-22,1408.25,1411.739990234375,1385.260009765625,1394.550048828125,48895,DRREDDY.BO
2024-08-23,1394.5699462890625,1398.3199462890625,1386.52001953125,1390.6400146484375,18365,DRREDDY.BO
2024-08-26,1378.6600341796875,1391.6400146484375,1378.6600341796875,1388.8900146484375,14365,DRREDDY.BO
2024-08-27,1388.9000244140625,1401.8199462890625,1382.010009765625,1393.280029296875,35120,DRREDDY.BO
2024-08-28,1395.7900390625,1409.47998046875,1385.010009765625,1399.3399658203125,29415,DRREDDY.BO
2024-08-29,1384.0,1402.8299560546875,1378.030029296875,1387.3699951171875,18330,DRREDDY.BO
2024-08-30,1395.989990234375,1408.4100341796875,1387.719970703125,1405.8399658203125,47385,DRREDDY.BO
2024-09-02,1406.280029296875,1413.969970703125,1366.030029296875,1374.0699462890625,64845,DRREDDY.BO
2024-09-03,1385.5899658203125,1385.5899658203125,1370.010009765625,1370.8900146484375,18755,DRREDDY.BO
2024-09-04,1240.0,1369.5799560546875,1240.0,1357.239990234375,93645,DRREDDY.BO
2024-09-05,1363.5699462890625,1369.7099609375,1337.3199462890625,1339.5400390625,40065,DRREDDY.BO
2024-09-06,1352.989990234375,1352.989990234375,1330.8399658203125,1333.949951171875,63200,DRREDDY.BO
2024-09-09,1335.0,1343.739990234375,1321.010009765625,1330.5400390625,51130,DRREDDY.BO
2024-09-10,1341.8800048828125,1341.8800048828125,1323.1400146484375,1330.3699951171875,42625,DRREDDY.BO
2024-09-11,1334.18994140625,1350.0,1320.0,1322.219970703125,45460,DRREDDY.BO
2024-09-12,1337.199951171875,1340.0,1315.219970703125,1336.780029296875,23265,DRREDDY.BO
2024-09-13,1341.699951171875,1341.699951171875,1329.8699951171875,1331.719970703125,30485,DRREDDY.BO
2024-09-16,1345.8199462890625,1345.8199462890625,1328.199951171875,1329.6500244140625,21560,DRREDDY.BO
2024-09-17,1325.0999755859375,1332.719970703125,1320.6600341796875,1326.1700439453125,34455,DRREDDY.BO
2024-09-18,1333.260009765625,1333.260009765625,1306.030029296875,1313.6500244140625,32730,DRREDDY.BO
2024-09-19,1321.989990234375,1322.239990234375,1297.0,1301.3599853515625,4048075,DRREDDY.BO
2024-09-20,1304.1199951171875,1319.5,1297.800048828125,1310.5,49750,DRREDDY.BO
2024-09-23,1325.9599609375,1332.239990234375,1316.0,1329.949951171875,73700,DRREDDY.BO
2024-09-24,1335.969970703125,1337.9000244140625,1317.0,1330.1800537109375,28955,DRREDDY.BO
2024-09-25,1339.5400390625,1341.0,1319.199951171875,1338.72998046875,49055,DRREDDY.BO
2024-09-26,1339.8199462890625,1351.199951171875,1332.8800048828125,1348.6400146484375,59655,DRREDDY.BO
2024-09-27,1344.0,1354.25,1332.5999755859375,1350.9599609375,37650,DRREDDY.BO
2024-09-30,1355.9300537109375,1357.989990234375,1342.06005859375,1351.5799560546875,70895,DRREDDY.BO
2024-10-01,1353.7900390625,1355.989990234375,1335.3900146484375,1349.3900146484375,31295,DRREDDY.BO
2024-10-03,1349.010009765625,1359.3199462890625,1338.0,1346.93994140625,73000,DRREDDY.BO
2024-10-04,1340.18994140625,1344.68994140625,1322.6700439453125,1327.0999755859375,30180,DRREDDY.BO
2024-10-07,1334.0,1341.699951171875,1316.010009765625,1321.1400146484375,81705,DRREDDY.BO
2024-10-08,1324.0,1333.300048828125,1315.8199462890625,1331.9300537109375,26910,DRREDDY.BO
2024-10-09,1345.5899658203125,1350.550048828125,1330.0,1333.7900390625,89370,DRREDDY.BO
2024-10-10,1340.0,1340.18994140625,1311.0,1316.489990234375,46985,DRREDDY.BO
2024-10-11,1319.5899658203125,1324.25,1309.800048828125,1320.25,54415,DRREDDY.BO
2024-10-14,1322.2099609375,1337.800048828125,1320.260009765625,1332.9300537109375,42945,DRREDDY.BO
2024-10-15,1339.989990234375,1339.989990234375,1320.780029296875,1323.5799560546875,163025,DRREDDY.BO
2024-10-16,1332.989990234375,1348.800048828125,1326.1600341796875,1341.9200439453125,70985,DRREDDY.BO
2024-10-17,1352.989990234375,1355.5699462890625,1330.4000244140625,1339.9000244140625,124185,DRREDDY.BO
2024-10-18,1349.989990234375,1354.800048828125,1332.8399658203125,1349.8699951171875,28245,DRREDDY.BO
2024-10-21,1350.6099853515625,1354.68994140625,1337.4300537109375,1339.219970703125,79070,DRREDDY.BO
2024-10-22,1350.989990234375,1351.0,1328.0,1332.050048828125,18110,DRREDDY.BO
2024-10-23,1332.050048828125,1336.75,1318.4000244140625,1321.27001953125,42415,DRREDDY.BO
2024-10-24,1327.760009765625,1327.780029296875,1315.1800537109375,1316.530029296875,76865,DRREDDY.BO
2024-10-25,1316.0,1316.0,1290.219970703125,1302.8299560546875,19775,DRREDDY.BO
2024-10-28,1328.9000244140625,1328.9000244140625,1291.5999755859375,1312.4000244140625,21828,DRREDDY.BO
2024-10-29,1325.050048828125,1333.6500244140625,1264.25,1275.0999755859375,66618,DRREDDY.BO
2024-10-31,1262.1500244140625,1283.25,1247.4000244140625,1274.25,65061,DRREDDY.BO
2024-11-01,1281.949951171875,1285.0,1213.199951171875,1258.550048828125,64942,DRREDDY.BO
2024-11-04,1262.8499755859375,1276.75,1250.0999755859375,1267.949951171875,46754,DRREDDY.BO
2024-11-06,1272.25,1322.0,1251.5,1303.0,132066,DRREDDY.BO
2024-11-07,1304.050048828125,1311.5999755859375,1281.0,1287.1500244140625,42566,DRREDDY.BO
2024-11-08,1288.800048828125,1290.0,1259.5999755859375,1281.8499755859375,24394,DRREDDY.BO
2024-11-11,1299.449951171875,1299.449951171875,1263.3499755859375,1288.199951171875,19499,DRREDDY.BO
2024-11-12,1288.0,1288.199951171875,1257.0,1263.0999755859375,123722,DRREDDY.BO
2024-11-13,1259.300048828125,1263.5,1239.0,1245.699951171875,53919,DRREDDY.BO
2024-11-14,1254.550048828125,1254.550048828125,1222.25,1226.050048828125,35384,DRREDDY.BO
2024-11-18,1195.5999755859375,1221.0,1171.0,1193.3499755859375,62434,DRREDDY.BO
2024-11-19,1191.050048828125,1231.75,1187.199951171875,1213.949951171875,31541,DRREDDY.BO
2024-11-21,1175.050048828125,1207.199951171875,1175.0,1194.550048828125,64949,DRREDDY.BO
2024-11-22,1195.050048828125,1222.8499755859375,1194.0,1213.9000244140625,18149,DRREDDY.BO
2024-11-25,1237.3499755859375,1242.1500244140625,1205.800048828125,1209.0,92172,DRREDDY.BO
2024-11-26,1209.0,1217.800048828125,1204.0,1208.9000244140625,60979,DRREDDY.BO
2024-11-27,1217.3499755859375,1217.3499755859375,1197.699951171875,1200.5,47329,DRREDDY.BO
2024-11-28,1200.6500244140625,1210.4000244140625,1188.6500244140625,1192.6500244140625,67691,DRREDDY.BO
2024-11-29,1207.5,1218.449951171875,1199.5,1202.3499755859375,46760,DRREDDY.BO
2024-12-02,1210.050048828125,1225.4000244140625,1202.4000244140625,1221.449951171875,69559,DRREDDY.BO
2024-12-03,1229.699951171875,1229.699951171875,1219.0,1225.0999755859375,13198,DRREDDY.BO
2024-12-04,1228.0999755859375,1228.0999755859375,1210.0,1215.5999755859375,32215,DRREDDY.BO
2024-12-05,1219.949951171875,1249.1500244140625,1209.3499755859375,1240.199951171875,75764,DRREDDY.BO
2024-12-06,1248.75,1255.0,1237.25,1253.6500244140625,78506,DRREDDY.BO
2024-12-09,1261.300048828125,1261.800048828125,1244.0,1254.800048828125,41990,DRREDDY.BO
2024-12-10,1254.800048828125,1254.800048828125,1233.0,1239.949951171875,83126,DRREDDY.BO
2024-12-11,1247.800048828125,1247.800048828125,1226.5,1238.449951171875,40679,DRREDDY.BO
2024-12-12,1245.9000244140625,1249.75,1226.4000244140625,1245.949951171875,16433,DRREDDY.BO
2024-12-13,1242.949951171875,1250.0,1227.0,1246.300048828125,67415,DRREDDY.BO
2024-12-16,1246.300048828125,1272.9000244140625,1245.25,1269.9000244140625,24443,DRREDDY.BO
2024-12-17,1269.949951171875,1270.4000244140625,1243.75,1248.0,29114,DRREDDY.BO
2024-12-18,1267.949951171875,1280.699951171875,1250.0999755859375,1275.050048828125,67453,DRREDDY.BO
2024-12-19,1270.050048828125,1330.449951171875,1270.050048828125,1326.0,113918,DRREDDY.BO
2024-12-20,1328.949951171875,1368.0,1318.3499755859375,1342.449951171875,206466,DRREDDY.BO
2024-12-23,1369.1500244140625,1369.1500244140625,1330.300048828125,1340.800048828125,62748,DRREDDY.BO
2024-12-24,1349.9000244140625,1365.0,1336.699951171875,1351.25,442277,DRREDDY.BO
2024-12-26,1348.0,1360.1500244140625,1342.199951171875,1355.1500244140625,49164,DRREDDY.BO
2024-12-27,1355.300048828125,1398.699951171875,1346.9000244140625,1389.3499755859375,63072,DRREDDY.BO
2024-12-30,1391.0,1391.0,1372.9000244140625,1377.550048828125,34773,DRREDDY.BO
2024-12-31,1371.949951171875,1395.0,1368.0,1388.25,63910,DRREDDY.BO
2025-01-01,1390.949951171875,1390.949951171875,1356.25,1369.5,34228,DRREDDY.BO
2025-01-02,1370.050048828125,1386.8499755859375,1369.8499755859375,1373.699951171875,45458,DRREDDY.BO
2025-01-03,1376.0,1378.800048828125,1347.4000244140625,1352.75,28316,DRREDDY.BO
2025-01-06,1364.949951171875,1364.949951171875,1333.25,1350.6500244140625,319041,DRREDDY.BO
2025-01-07,1350.6500244140625,1373.0,1347.5,1350.75,116081,DRREDDY.BO
2025-01-08,1370.9000244140625,1404.5999755859375,1361.550048828125,1370.5999755859375,81932,DRREDDY.BO
2025-01-09,1381.0,1382.5,1364.449951171875,1371.5999755859375,18447,DRREDDY.BO
2025-01-10,1365.0,1385.0,1352.4000244140625,1354.199951171875,51858,DRREDDY.BO
2025-01-13,1354.0,1354.0,1331.25,1334.1500244140625,31793,DRREDDY.BO
2025-01-14,1334.1500244140625,1348.0999755859375,1323.75,1337.300048828125,523713,DRREDDY.BO
2025-01-15,1340.0,1345.800048828125,1314.9000244140625,1339.199951171875,15847,DRREDDY.BO
2025-01-16,1337.5,1345.0,1296.9000244140625,1303.300048828125,49558,DRREDDY.BO
2025-01-17,1300.0,1320.25,1287.6500244140625,1309.8499755859375,41396,DRREDDY.BO
2025-01-20,1306.9000244140625,1306.949951171875,1294.0,1302.050048828125,20238,DRREDDY.BO
2025-01-21,1303.0,1312.75,1286.25,1288.449951171875,11996,DRREDDY.BO
2025-01-22,1289.25,1308.300048828125,1288.449951171875,1296.300048828125,36805,DRREDDY.BO
2025-01-23,1293.949951171875,1303.0,1274.9000244140625,1289.3499755859375,58141,DRREDDY.BO
2025-01-24,1247.949951171875,1247.949951171875,1203.5999755859375,1224.699951171875,167661,DRREDDY.BO
2025-01-27,1224.699951171875,1234.6500244140625,1192.0,1197.4000244140625,61640,DRREDDY.BO
2025-01-28,1190.050048828125,1197.4000244140625,1165.0,1179.8499755859375,45147,DRREDDY.BO
2025-01-29,1188.75,1189.0,1174.0,1181.8499755859375,22642,DRREDDY.BO
2025-01-30,1185.550048828125,1204.550048828125,1184.1500244140625,1194.9000244140625,36176,DRREDDY.BO
2025-01-31,1203.0,1221.4000244140625,1195.0,1217.5999755859375,37163,DRREDDY.BO
2025-02-01,1225.0999755859375,1225.0999755859375,1200.050048828125,1205.300048828125,31968,DRREDDY.BO
2025-02-03,1192.25,1220.0,1192.25,1204.0,34732,DRREDDY.BO
2025-02-04,1209.949951171875,1232.300048828125,1202.0,1219.6500244140625,40048,DRREDDY.BO
2025-02-05,1229.800048828125,1233.1500244140625,1216.199951171875,1227.949951171875,11784,DRREDDY.BO
2025-02-06,1239.050048828125,1254.0,1230.9000244140625,1236.0999755859375,52833,DRREDDY.BO
2025-02-07,1237.1500244140625,1243.4000244140625,1226.5999755859375,1240.6500244140625,16773,DRREDDY.BO
2025-02-10,1241.449951171875,1241.449951171875,1212.0,1220.8499755859375,25314,DRREDDY.BO
2025-02-11,1212.050048828125,1222.0,1201.800048828125,1211.800048828125,14840,DRREDDY.BO
2025-02-12,1212.050048828125,1220.0,1202.5999755859375,1215.9000244140625,31748,DRREDDY.BO
2025-02-13,1216.0,1243.050048828125,1216.0,1223.300048828125,42185,DRREDDY.BO
2025-02-14,1215.550048828125,1229.800048828125,1186.5,1195.8499755859375,48233,DRREDDY.BO
2025-02-17,1200.0,1202.0,1183.8499755859375,1199.75,14320,DRREDDY.BO
2025-02-18,1204.949951171875,1204.949951171875,1182.949951171875,1197.8499755859375,74595,DRREDDY.BO
2025-02-19,1161.9000244140625,1176.949951171875,1128.9000244140625,1164.699951171875,112797,DRREDDY.BO
2025-02-20,1160.550048828125,1173.550048828125,1156.949951171875,1170.9000244140625,47106,DRREDDY.BO
2025-02-21,1171.5999755859375,1171.6500244140625,1146.0,1151.949951171875,133410,DRREDDY.BO
2025-02-24,1145.050048828125,1173.949951171875,1145.050048828125,1164.75,81580,DRREDDY.BO
2025-02-25,1174.800048828125,1174.800048828125,1123.199951171875,1126.550048828125,618672,DRREDDY.BO
2025-02-27,1131.8499755859375,1136.1500244140625,1115.6500244140625,1125.9000244140625,39785,DRREDDY.BO
2025-02-28,1125.9000244140625,1129.0,1105.0,1117.6500244140625,58249,DRREDDY.BO
2025-03-03,1117.6500244140625,1130.0,1104.550048828125,1119.800048828125,35991,DRREDDY.BO
2025-03-04,1105.0999755859375,1124.4000244140625,1105.0999755859375,1120.199951171875,21575,DRREDDY.BO
2025-03-05,1120.199951171875,1128.8499755859375,1111.550048828125,1126.550048828125,51445,DRREDDY.BO
2025-03-06,1130.0,1145.9000244140625,1119.4000244140625,1138.800048828125,35178,DRREDDY.BO
2025-03-07,1148.949951171875,1148.949951171875,1130.5,1132.800048828125,20463,DRREDDY.BO
2025-03-10,1137.1500244140625,1137.1500244140625,1116.300048828125,1120.1500244140625,12929,DRREDDY.BO
2025-03-11,1119.0,1127.050048828125,1110.800048828125,1116.800048828125,9939,DRREDDY.BO
2025-03-12,1124.199951171875,1124.199951171875,1093.0,1105.25,207693,DRREDDY.BO
2025-03-13,1125.0,1125.0,1095.3499755859375,1107.8499755859375,29008,DRREDDY.BO
2025-03-17,1105.3499755859375,1153.4000244140625,1102.1500244140625,1150.449951171875,109665,DRREDDY.BO
2025-03-18,1164.449951171875,1166.199951171875,1149.699951171875,1164.699951171875,190532,DRREDDY.BO
2025-03-19,1175.5999755859375,1175.5999755859375,1158.4000244140625,1171.9000244140625,88460,DRREDDY.BO
2025-03-20,1187.800048828125,1190.75,1166.5,1186.6500244140625,17988,DRREDDY.BO
2025-03-21,1198.5999755859375,1203.800048828125,1178.25,1199.300048828125,48175,DRREDDY.BO
2025-03-24,1205.0,1215.949951171875,1190.75,1210.0,347071,DRREDDY.BO
2025-03-25,1217.949951171875,1217.949951171875,1168.5,1180.550048828125,138073,DRREDDY.BO
2025-03-26,1170.75,1177.949951171875,1153.199951171875,1163.8499755859375,360067,DRREDDY.BO
2025-03-27,1161.0,1168.449951171875,1143.75,1162.3499755859375,295502,DRREDDY.BO
2025-03-28,1160.0,1160.0,1140.6500244140625,1144.050048828125,75710,DRREDDY.BO
2025-04-01,1144.0,1164.5,1136.0999755859375,1152.4000244140625,79963,DRREDDY.BO
2025-04-02,1141.5,1153.5,1135.5,1149.75,135011,DRREDDY.BO
2025-04-03,1194.5999755859375,1226.9000244140625,1149.25,1151.25,188118,DRREDDY.BO
2025-04-04,1159.5,1159.5,1076.4000244140625,1109.75,208033,DRREDDY.BO
2025-04-07,1025.9000244140625,1098.75,1025.9000244140625,1088.6500244140625,182512,DRREDDY.BO
2025-04-08,1110.0,1113.800048828125,1089.0,1108.550048828125,52678,DRREDDY.BO
2025-04-09,1084.800048828125,1103.0,1062.199951171875,1095.1500244140625,107225,DRREDDY.BO
2025-04-11,1142.9000244140625,1142.9000244140625,1104.75,1109.1500244140625,64434,DRREDDY.BO
2025-04-15,1137.0,1157.8499755859375,1129.8499755859375,1155.800048828125,88276,DRREDDY.BO
2025-04-16,1154.0,1160.949951171875,1144.0,1159.5,290276,DRREDDY.BO
2025-04-17,1150.0,1173.199951171875,1150.0,1163.699951171875,38382,DRREDDY.BO
2025-04-21,1167.050048828125,1179.0,1155.0999755859375,1177.1500244140625,50985,DRREDDY.BO
2025-04-22,1179.949951171875,1179.949951171875,1163.4000244140625,1174.8499755859375,90009,DRREDDY.BO
2025-04-23,1182.1500244140625,1191.9000244140625,1176.8499755859375,1185.949951171875,26473,DRREDDY.BO
2025-04-24,1183.699951171875,1210.0,1177.550048828125,1201.449951171875,66808,DRREDDY.BO
2025-04-25,1208.449951171875,1210.449951171875,1159.199951171875,1173.550048828125,80207,DRREDDY.BO
2025-04-28,1173.5999755859375,1204.699951171875,1173.5999755859375,1199.699951171875,28282,DRREDDY.BO
2025-04-29,1210.0,1210.0,1168.6500244140625,1176.25,54359,DRREDDY.BO
2025-04-30,1176.25,1196.0,1176.25,1183.0,44575,DRREDDY.BO
2025-05-02,1175.0,1195.0,1171.699951171875,1182.9000244140625,83279,DRREDDY.BO
2025-05-05,1175.050048828125,1194.050048828125,1154.800048828125,1172.5,139361,DRREDDY.BO
2025-05-06,1175.199951171875,1175.199951171875,1130.0,1159.9000244140625,51810,DRREDDY.BO
2025-05-07,1121.199951171875,1163.9000244140625,1121.199951171875,1160.050048828125,14775,DRREDDY.BO
2025-05-08,1160.050048828125,1161.0,1141.0999755859375,1148.699951171875,34194,DRREDDY.BO
2025-05-09,1130.050048828125,1166.25,1130.050048828125,1156.4000244140625,113089,DRREDDY.BO
2025-05-12,1157.5,1203.5999755859375,1143.050048828125,1195.3499755859375,209557,DRREDDY.BO
2025-05-13,1192.449951171875,1240.8499755859375,1192.449951171875,1206.800048828125,95104,DRREDDY.BO
2025-05-14,1208.0,1222.449951171875,1194.0,1219.8499755859375,18265,DRREDDY.BO
2025-05-15,1217.0,1239.0,1201.0,1234.8499755859375,39240,DRREDDY.BO
2025-05-16,1235.199951171875,1236.8499755859375,1221.199951171875,1230.5,73805,DRREDDY.BO
2025-05-19,1230.449951171875,1242.050048828125,1215.0,1218.75,33842,DRREDDY.BO
2025-05-20,1229.800048828125,1234.8499755859375,1216.5,1225.199951171875,19915,DRREDDY.BO
2025-05-21,1228.550048828125,1256.0999755859375,1219.949951171875,1224.75,120101,DRREDDY.BO
2025-05-22,1216.199951171875,1229.0,1211.1500244140625,1222.6500244140625,39790,DRREDDY.BO
2025-05-23,1220.800048828125,1234.699951171875,1215.449951171875,1229.75,79417,DRREDDY.BO
2025-05-26,1231.0,1246.800048828125,1230.300048828125,1242.8499755859375,45319,DRREDDY.BO
2025-05-27,1245.0,1248.550048828125,1237.300048828125,1243.300048828125,84838,DRREDDY.BO
2025-05-28,1244.949951171875,1251.5,1237.4000244140625,1243.300048828125,80245,DRREDDY.BO
2025-05-29,1249.0,1253.0,1240.6500244140625,1248.050048828125,41768,DRREDDY.BO
2025-05-30,1249.949951171875,1257.050048828125,1241.6500244140625,1251.75,112086,DRREDDY.BO
2025-06-02,1248.1500244140625,1251.0,1232.550048828125,1249.0999755859375,132761,DRREDDY.BO
2025-06-03,1250.0,1251.199951171875,1240.449951171875,1248.5999755859375,79847,DRREDDY.BO
2025-06-04,1251.949951171875,1266.0,1246.6500244140625,1252.1500244140625,45082,DRREDDY.BO
2025-06-05,1260.0,1303.449951171875,1260.0,1289.9000244140625,288918,DRREDDY.BO
2025-06-06,1301.800048828125,1322.4000244140625,1296.4000244140625,1320.5,74396,DRREDDY.BO
2025-06-09,1321.4000244140625,1329.199951171875,1309.8499755859375,1319.300048828125,97574,DRREDDY.BO
2025-06-10,1319.5,1362.550048828125,1319.5,1349.9000244140625,98593,DRREDDY.BO
2025-06-11,1351.0,1355.4000244140625,1340.0,1350.5,93460,DRREDDY.BO
2025-06-12,1367.9000244140625,1377.949951171875,1344.5999755859375,1363.1500244140625,58952,DRREDDY.BO
2025-06-13,1335.0,1366.699951171875,1335.0,1361.449951171875,61059,DRREDDY.BO
2025-06-16,1360.0,1360.0,1342.050048828125,1346.75,25129,DRREDDY.BO
2025-06-17,1346.800048828125,1347.300048828125,1303.699951171875,1318.949951171875,34777,DRREDDY.BO
2025-06-18,1318.800048828125,1324.800048828125,1304.9000244140625,1312.75,34991,DRREDDY.BO
2025-06-19,1319.5,1331.25,1305.0,1326.4000244140625,31988,DRREDDY.BO
2025-06-20,1327.050048828125,1335.8499755859375,1318.0,1325.449951171875,36220,DRREDDY.BO
2025-06-23,1212.3499755859375,1323.0999755859375,1212.3499755859375,1317.699951171875,37995,DRREDDY.BO
2025-06-24,1317.0,1353.0,1310.949951171875,1337.3499755859375,16964,DRREDDY.BO
2025-06-25,1317.5999755859375,1349.199951171875,1317.5999755859375,1340.8499755859375,18234,DRREDDY.BO
2025-06-26,1327.949951171875,1332.5999755859375,1315.0,1321.199951171875,50688,DRREDDY.BO
2025-06-27,1344.949951171875,1344.949951171875,1298.9000244140625,1301.1500244140625,28345,DRREDDY.BO
2025-06-30,1301.0,1303.050048828125,1272.4000244140625,1283.699951171875,42326,DRREDDY.BO
2025-07-01,1283.949951171875,1294.199951171875,1273.0999755859375,1276.949951171875,28453,DRREDDY.BO
2025-07-02,1274.1500244140625,1280.050048828125,1263.8499755859375,1271.75,33929,DRREDDY.BO
2025-07-03,1272.0999755859375,1297.0,1269.050048828125,1293.25,55323,DRREDDY.BO
2025-07-04,1304.8499755859375,1312.0,1287.5999755859375,1305.0999755859375,161341,DRREDDY.BO
2025-07-07,1305.550048828125,1313.8499755859375,1298.0,1310.050048828125,15392,DRREDDY.BO
2025-07-08,1314.0,1314.0,1273.8499755859375,1283.9000244140625,21735,DRREDDY.BO
2025-07-09,1283.0,1285.5,1267.0,1269.550048828125,74082,DRREDDY.BO
2025-07-10,1269.4000244140625,1270.050048828125,1252.050048828125,1259.199951171875,51480,DRREDDY.BO
2025-07-11,1261.9000244140625,1272.0999755859375,1251.050048828125,1254.0,214602,DRREDDY.BO
2025-07-14,1254.699951171875,1261.0,1246.4000244140625,1250.949951171875,10372,DRREDDY.BO
2025-07-15,1251.0999755859375,1264.550048828125,1241.4000244140625,1261.1500244140625,13083,DRREDDY.BO
2025-07-16,1262.699951171875,1262.75,1250.050048828125,1258.8499755859375,72354,DRREDDY.BO
2025-07-17,1261.949951171875,1274.0,1256.9000244140625,1263.25,15362,DRREDDY.BO
2025-07-18,1263.300048828125,1270.0,1251.449951171875,1258.0999755859375,66141,DRREDDY.BO
2025-07-21,1253.949951171875,1262.0,1245.199951171875,1259.5,160311,DRREDDY.BO
2025-07-22,1259.5999755859375,1261.449951171875,1236.949951171875,1240.4000244140625,65001,DRREDDY.BO
2025-07-23,1240.4000244140625,1252.4000244140625,1232.0,1247.550048828125,43873,DRREDDY.BO
2025-07-24,1255.050048828125,1287.9000244140625,1255.050048828125,1264.8499755859375,211022,DRREDDY.BO
2025-07-25,1269.300048828125,1287.949951171875,1262.9000244140625,1277.5999755859375,45360,DRREDDY.BO
2025-07-28,1282.5,1290.0,1271.5,1286.550048828125,44856,DRREDDY.BO
2025-07-29,1289.449951171875,1302.0,1283.4000244140625,1300.050048828125,40039,DRREDDY.BO
2025-07-30,1302.0,1302.0,1277.3499755859375,1291.5999755859375,108652,DRREDDY.BO
2025-07-31,1256.0999755859375,1283.199951171875,1256.0999755859375,1270.8499755859375,52929,DRREDDY.BO
2025-08-01,1261.300048828125,1261.300048828125,1214.0,1219.5999755859375,111633,DRREDDY.BO
2025-08-04,1223.9000244140625,1231.25,1219.5999755859375,1225.4000244140625,15983,DRREDDY.BO
2025-08-05,1222.800048828125,1232.4000244140625,1204.1500244140625,1213.8499755859375,40211,DRREDDY.BO
2025-08-06,1210.0999755859375,1216.4000244140625,1188.3499755859375,1197.0999755859375,24648,DRREDDY.BO
2025-08-07,1182.4000244140625,1206.0,1182.4000244140625,1200.75,31084,DRREDDY.BO
2025-08-08,1207.949951171875,1215.0,1196.0,1211.6500244140625,80479,DRREDDY.BO
2025-08-11,1211.199951171875,1227.0,1208.4000244140625,1219.199951171875,26082,DRREDDY.BO
2025-08-12,1217.949951171875,1226.0999755859375,1205.0,1220.5999755859375,10719,DRREDDY.BO
2025-08-13,1216.949951171875,1255.0,1216.949951171875,1252.550048828125,41837,DRREDDY.BO
2025-08-14,1255.050048828125,1265.699951171875,1250.75,1259.25,14370,DRREDDY.BO
2025-08-18,1273.5999755859375,1273.5999755859375,1240.800048828125,1263.8499755859375,179126,DRREDDY.BO
2025-08-19,1254.699951171875,1261.75,1242.25,1245.25,29883,DRREDDY.BO
2025-08-20,1245.25,1250.949951171875,1237.300048828125,1245.5999755859375,65019,DRREDDY.BO
2025-08-21,1245.5,1281.699951171875,1240.5999755859375,1276.550048828125,82007,DRREDDY.BO
2025-08-22,1276.5,1284.25,1265.25,1277.0,43400,DRREDDY.BO
