Date,Open,High,Low,Close,Volume,Stock,MA_5,MA_10,MA_20,RSI,MACD,Close_Lag1,Close_Lag2,Close_Lag3
2024-06-21,0.3160902808381212,0.16555031711024792,0.2634577226775088,0.20000000000000018,0.19076134713396417,AADHARHFC.BO,0.2059551313388961,0.10868814248475589,0.0,0.7389895724802991,0.8913338486769594,0.20888904389880958,0.2412698412698413,0.31492067367311494
2024-06-24,0.2989381246838567,0.1205741237415272,0.2580460891082055,0.14857158358134903,0.25179121458500986,AADHARHFC.BO,0.15899822893178417,0.12595671863015756,0.016383211326925995,0.6542310702522731,0.8521310635178444,0.20000000000000018,0.20888904389880958,0.2412698412698413
2024-06-25,0.2695344046804804,0.08102081152811058,0.2549131478879678,0.16666666666666652,0.198551488747676,AADHARHFC.BO,0.12499996667416413,0.1298796259289725,0.03437260809571896,0.6742900497223667,0.8225320130183268,0.14857158358134903,0.20000000000000018,0.20888904389880958
2024-06-26,0.27579628185775507,0.196172248803828,0.2819709680548472,0.2800000387524797,0.345239614840303,AADHARHFC.BO,0.1338817462489108,0.15253258694276317,0.06151732179309599,0.7850981797089123,0.8369750003786223,0.16666666666666652,0.14857158358134903,0.20000000000000018
2024-06-27,0.36237396649032494,0.29824561403508776,0.3696952344595026,0.30825408451140834,0.37388424859635006,AADHARHFC.BO,0.15666857527430977,0.16964731346014306,0.08821588073469355,0.8091405768764948,0.8534381588901511,0.2800000387524797,0.16666666666666652,0.14857158358134903
2024-06-28,0.40048994290978657,0.22519928416567048,0.3531757579676875,0.2787303137400796,0.042955850930987596,AADHARHFC.BO,0.17472335779390447,0.1797238537674546,0.11229098348459488,0.7568978445572503,0.8493470253576981,0.30825408451140834,0.2800000387524797,0.16666666666666652
2024-07-01,0.369997294712193,0.3103667872184013,0.3827970201073567,0.34476202101934517,0.11434174135841865,AADHARHFC.BO,0.21971461353894517,0.17868542746370375,0.1392393886537202,0.8159673409846948,0.8654996557188198,0.2787303137400796,0.30825408451140834,0.2800000387524797
2024-07-02,0.4522187680504848,0.28548644338118034,0.4072913983014459,0.37238110739087293,0.1968624839285549,AADHARHFC.BO,0.2668899556908575,0.18564671233391872,0.1662056469844151,0.8390511347775178,0.8827359937034227,0.34476202101934517,0.2787303137400796,0.30825408451140834
2024-07-03,0.4685541865159686,0.4114832535885169,0.4631158840571854,0.4825396825396826,0.7862548676822896,AADHARHFC.BO,0.313337239417514,0.21487635762202828,0.20420110707465833,0.919851076342515,0.9319812029050325,0.37238110739087293,0.34476202101934517,0.2787303137400796
2024-07-04,0.5657499596200899,0.40765546345444603,0.5109656419504693,0.46126999627976195,0.22517967644365514,AADHARHFC.BO,0.34842752266134625,0.24545210499577452,0.2390555762492954,0.8803039381737425,0.9558146101268292,0.4825396825396826,0.37238110739087293,0.34476202101934517
2024-07-05,0.5281785303839714,0.4251993231035689,0.45770442432770064,0.4498413085937498,0.12815532184514064,AADHARHFC.BO,0.3876674501052251,0.2757201765876358,0.27101887895042376,0.8584946078344662,0.9632054142082456,0.46126999627976195,0.4825396825396826,0.37238110739087293
2024-07-08,0.5295398152560953,0.39617228774172686,0.4830532252327804,0.4177778940352179,0.1186909750164183,AADHARHFC.BO,0.4044117718938076,0.3083343024248002,0.294165954972911,0.7969378025790965,0.9497906069207447,0.4498413085937498,0.46126999627976195,0.4825396825396826
2024-07-09,0.490607101147853,0.35725677830941027,0.4813443798107997,0.40984138609871,0.025359121643496036,AADHARHFC.BO,0.4130023280984516,0.3377947221549422,0.3096568241101294,0.7815430939340926,0.9293936439163094,0.4177778940352179,0.4498413085937498,0.46126999627976195
2024-07-10,0.4655594262662843,0.32695374800637955,0.42352612516953725,0.3520635695684522,0.05706542349992138,AADHARHFC.BO,0.38308097085002446,0.3465251603766175,0.3242196665199346,0.6734434163421794,0.8848243721030336,0.40984138609871,0.4177778940352179,0.4498413085937498
2024-07-11,0.4369724439516878,0.3046251993620417,0.4571347512404338,0.39174610925099174,0.09661921543598709,AADHARHFC.BO,0.3671374466775519,0.3566401513538553,0.3368550755067825,0.7185334398832979,0.8588491763464174,0.3520635695684522,0.40984138609871,0.4177778940352179
2024-07-12,0.4710045657547788,0.4041467694004188,0.4813443798107997,0.46063503689236107,0.17564725143602408,AADHARHFC.BO,0.3696127120200776,0.37867776080387516,0.35175700816653066,0.7889910671850484,0.8588333275214451,0.39174610925099174,0.3520635695684522,0.40984138609871
2024-07-15,0.541791379105208,0.4318980045105669,0.4770720924160292,0.5165079752604163,0.2596997530316064,AADHARHFC.BO,0.39225392936042525,0.3994846436521957,0.36093016736396777,0.8392534298806522,0.8742114856752288,0.46063503689236107,0.39174610925099174,0.3520635695684522
2024-07-16,0.5755513104028624,0.579585365891647,0.6021077730389046,0.5885715060763888,0.42405120663022267,AADHARHFC.BO,0.433241108156023,0.42567593484306254,0.3763139611026336,0.8963282282944935,0.9076259311389482,0.5165079752604163,0.46063503689236107,0.39174610925099174
2024-07-18,0.732371261202517,0.6555023923444976,0.6921105579528066,0.6412698412698417,0.44672790002867424,AADHARHFC.BO,0.49956316494484687,0.4449059646378717,0.39880070978680493,0.9334094982041155,0.9474338622489537,0.5885715060763888,0.5165079752604163,0.46063503689236107
2024-07-19,0.6781920568230086,0.5661881977671452,0.5927086016985545,0.5517461867559526,0.2266115381413547,AADHARHFC.BO,0.5362550878553454,0.45586708162091316,0.4180750658018084,0.7702354663909654,0.9377680342307704,0.6412698412698417,0.5885715060763888,0.5165079752604163
2024-07-22,0.5842634006464777,0.6363636363636367,0.5773284713812719,0.7136509486607143,0.35116500633608055,AADHARHFC.BO,0.5942778118096275,0.48782740522438006,0.4469509152866067,0.8880257982117963,0.9849669563535838,0.5517461867559526,0.6412698412698417,0.5885715060763888
2024-07-23,0.7647699076280476,0.6730462519936204,0.5058387580048893,0.6057144407242063,0.5662587525783686,AADHARHFC.BO,0.6147350316119993,0.5105957651962654,0.47265005663994497,0.7321729968503141,0.973669134832258,0.7136509486607143,0.5517461867559526,0.6412698412698417
2024-07-24,0.6506941688750989,0.5779904695599085,0.6465394924085888,0.6155556330605156,0.07587202042345367,AADHARHFC.BO,0.6209231505338666,0.5355178791155066,0.49788519007593424,0.7398263302287551,0.9614122966145344,0.6057144407242063,0.7136509486607143,0.5517461867559526
2024-07-25,0.6476994086254151,0.529505582137161,0.5952720436713439,0.525079442584325,0.06852216703203189,AADHARHFC.BO,0.5942778562440751,0.5564786115918485,0.511662787480017,0.6214279320500931,0.910433821775221,0.6155556330605156,0.6057144407242063,0.7136509486607143
2024-07-26,0.5815408309022305,0.4768740031897929,0.572486510899235,0.5003175765749006,0.11803424258401088,AADHARHFC.BO,0.5824840207060968,0.5696319566663295,0.5224599961736067,0.5911383931728258,0.8546632964704272,0.525079442584325,0.6155556330605156,0.6057144407242063
2024-07-29,0.5690170765476807,0.5157895126221095,0.5952720436713439,0.6057144407242063,0.06804857970049301,AADHARHFC.BO,0.5577315450186275,0.5872082085936174,0.54084202089162,0.686313845156709,0.8452203686641236,0.5003175765749006,0.525079442584325,0.6155556330605156
2024-07-30,0.6498774311863187,0.5403509550687806,0.5964113898458772,0.5600000775049603,0.1237986883850857,AADHARHFC.BO,0.5472481257772142,0.5924772414522264,0.5529420311002737,0.6288906532886251,0.8147753885910874,0.6057144407242063,0.5003175765749006,0.525079442584325
2024-07-31,0.6098556227113896,0.47368421052631593,0.5562517840311436,0.5203175378224203,0.22303003394659193,AADHARHFC.BO,0.525407706052976,0.5842083286404587,0.5612585544311424,0.5805043802931098,0.7705142127217731,0.5600000775049603,0.6057144407242063,0.5003175765749006
2024-08-01,0.5820853780855737,0.462519936204147,0.5491313050398596,0.4834922185019841,0.09737769514665483,AADHARHFC.BO,0.5158707405471712,0.5650936978037442,0.561312103023135,0.5365458314354954,0.7170182231224955,0.5203175378224203,0.5600000775049603,0.6057144407242063
2024-08-02,0.524639222950944,0.360127669582337,0.48732551262755086,0.39904765780009877,0.14333231586055073,AADHARHFC.BO,0.4926470764666191,0.5465943950566428,0.5578141578033007,0.4433834302182789,0.6388063681002796,0.4834922185019841,0.5203175378224203,0.5600000775049603
2024-08-05,0.36237396649032494,0.2417862449536483,0.34690970168739366,0.26571432446676546,0.22359241890279435,AADHARHFC.BO,0.4146767513904206,0.49232723689119684,0.5474631147582061,0.3218215623261696,0.5235489938149561,0.39904765780009877,0.4834922185019841,0.5203175378224203
2024-08-06,0.38959966393279766,0.2676236823415077,0.34463118317814656,0.2412698412698413,0.054793684268945805,AADHARHFC.BO,0.3415841289395245,0.4481750697029896,0.5375403842000379,0.30191235180264236,0.4219470230691229,0.26571432446676546,0.39904765780009877,0.4834922185019841
2024-08-07,0.45984209627235284,0.2787879566636766,0.37339784876700666,0.3063492063492066,0.08968560091017565,AADHARHFC.BO,0.2925159681852909,0.41071496227303816,0.5317223776080273,0.38210908077134037,0.36621114026970225,0.2412698412698413,0.26571432446676546,0.39904765780009877
2024-08-08,0.41056348419799527,0.32376395534290303,0.40159501510841844,0.3434921022445434,0.17629103421483475,AADHARHFC.BO,0.2604105245299926,0.388715803492945,0.5312405165291092,0.42572529924309516,0.3364325026546102,0.3063492063492066,0.2412698412698413,0.26571432446676546
2024-08-09,0.49414640858088044,0.3301435406698565,0.4594132697496809,0.3961906312003971,0.11419929516885423,AADHARHFC.BO,0.2597553385989344,0.37610090864238144,0.531490373649353,0.4854478559366166,0.33323958391865627,0.3434921022445434,0.3063492063492066,0.2412698412698413
2024-08-12,0.5251837701342876,0.36459326249750834,0.45514098235491085,0.3593651181175592,0.060791223834762424,AADHARHFC.BO,0.28123175132776845,0.34625588831634335,0.5257972956174646,0.4461199698855653,0.3169026922968171,0.3961906312003971,0.3434921022445434,0.3063492063492066
2024-08-13,0.438061538318375,0.2532696153558618,0.3201368049840574,0.22984134734622996,0.09615857775804497,AADHARHFC.BO,0.27861091873463817,0.30625742634314035,0.509681794572352,0.3246294629822674,0.255238500502721,0.3593651181175592,0.3961906312003971,0.3434921022445434
2024-08-14,0.322624514693302,0.14003197580243265,0.24494447730017033,0.13301595052083304,0.13196252000258993,AADHARHFC.BO,0.23886137261030438,0.2593361536438068,0.4840718863487128,0.2498760069974168,0.17118610126560355,0.22984134734622996,0.3593651181175592,0.3961906312003971
2024-08-16,0.25646610314258744,0.1304625978120022,0.23127319240486877,0.18730158730158752,0.10580051983609438,AADHARHFC.BO,0.20304307537566402,0.22345289926736678,0.45855121125477316,0.3171593810783884,0.12795708687819188,0.13301595052083304,0.22984134734622996,0.3593651181175592
2024-08-19,0.2981213869950765,0.10877185194876438,0.28254064114211364,0.18634924510168638,0.03490301634431279,AADHARHFC.BO,0.15492132392259084,0.1976846593423227,0.4380097382624122,0.3163668739250352,0.09622027985975701,0.18730158730158752,0.13301595052083304,0.22984134734622996
2024-08-20,0.2962155549396095,0.10972894549940237,0.28282539076583735,0.171111188616071,0.028768580440473215,AADHARHFC.BO,0.11175010315457001,0.18622356627944825,0.40750985017417696,0.30298591790823654,0.0684219580884774,0.18634924510168638,0.18730158730158752,0.13301595052083304
2024-08-21,0.2777021139132221,0.1738437001594897,0.27769868066007675,0.2590477353050593,0.1236044435811342,AADHARHFC.BO,0.11844784075689274,0.18837734370096149,0.3880213324693522,0.4166404173247545,0.08322152368720964,0.171111188616071,0.18634924510168638,0.18730158730158752
2024-08-22,0.36754691547338236,0.20191383666018758,0.3679863890375219,0.2701588464161704,0.06759904172563383,AADHARHFC.BO,0.14989805404668521,0.1839929109922389,0.3686042056253731,0.4302732662549427,0.10204134165248493,0.2590477353050593,0.171111188616071,0.18634924510168638
2024-08-23,0.3729920549618768,0.18564597195225296,0.33437776296662536,0.22793666294642856,0.04122799715107621,AADHARHFC.BO,0.15921666867658502,0.16999346338611243,0.3518997681027898,0.3854409283484577,0.10353547247782144,0.2701588464161704,0.2590477353050593,0.171111188616071
2024-08-26,0.36972493803428597,0.1732057026888958,0.29649667566113935,0.21047634548611116,0.040036629020173714,AADHARHFC.BO,0.16474960166739372,0.14749432852618538,0.3356058007982794,0.3670213012317533,0.10084519863846086,0.22793666294642856,0.2701588464161704,0.2590477353050593
2024-08-28,0.3144568054605603,0.11961722488038307,0.2554828209752342,0.14095245845734095,0.04800436588321263,AADHARHFC.BO,0.15783346875471782,0.1210338122233603,0.30947833606529906,0.2970773915175206,0.07512857744394597,0.21047634548611116,0.22793666294642856,0.2701588464161704
2024-08-29,0.2774299234077855,0.0883572957162082,0.20506979494897992,0.12158745659722214,0.1462755871280443,AADHARHFC.BO,0.1263104718396244,0.10791894129296331,0.284832149999497,0.278559901927893,0.05071948589810921,0.14095245845734095,0.21047634548611116,0.22793666294642856
2024-08-30,0.2450312769822549,0.054864472749700965,0.23583022942336296,0.1266667441716267,0.03591678922588821,AADHARHFC.BO,0.09340423056821612,0.10714974010117073,0.26270233383412256,0.2869030797256292,0.036899211862908565,0.12158745659722214,0.14095245845734095,0.21047634548611116
2024-09-02,0.24448672979891128,0.06379585326953752,0.24864709160767395,0.1622223384796624,0.08492752818862095,AADHARHFC.BO,0.07833433207160212,0.10411140947808573,0.24464154620448353,0.34594143445183984,0.043110275159907396,0.1266667441716267,0.12158745659722214,0.14095245845734095
2024-09-03,0.3465830952081843,0.29122803123753993,0.356023949564201,0.345079403831845,0.720363330280915,AADHARHFC.BO,0.10920209862119012,0.12334143927289443,0.24160761979471435,0.5838657272083585,0.12090353683066937,0.1622223384796624,0.1266667441716267,0.12158745659722214
2024-09-04,0.405662891892844,0.2513556229440792,0.40330386053039957,0.3304763067336305,0.08843688431334461,AADHARHFC.BO,0.15266454275931318,0.14264839388171424,0.2452483358435238,0.5649870411881999,0.17887929788122683,0.345079403831845,0.1622223384796624,0.1266667441716267
2024-09-05,0.4301660195910695,0.34290271132376393,0.41925383777476677,0.4374604724702382,0.19549352054832533,AADHARHFC.BO,0.22510193484470298,0.1642629520659109,0.25627755938850383,0.6730737373111657,0.2668580790370934,0.3304763067336305,0.345079403831845,0.1622223384796624
2024-09-06,0.5074870667966804,0.4465709728867626,0.5283395411532741,0.5053968641493052,0.12870845704877393,AADHARHFC.BO,0.3119539950611996,0.19276184683215547,0.2674673960313134,0.7318087840116665,0.3625068863618085,0.4374604724702382,0.3304763067336305,0.345079403831845
2024-09-09,0.5638441275646233,0.40669856459330145,0.46283113443346124,0.4028572203621028,0.15049717420059014,AADHARHFC.BO,0.3671374466775519,0.2139533302763721,0.2708047172606025,0.5982910878415637,0.3983121737585404,0.5053968641493052,0.4374604724702382,0.3304763067336305
2024-09-10,0.46065883396113305,0.3690590501021731,0.4819140528980661,0.45619051494295615,0.03286437087807901,AADHARHFC.BO,0.3926179363558293,0.24372140231424222,0.27417772302759813,0.6471185610312373,0.44603863412756906,0.4028572203621028,0.5053968641493052,0.4374604724702382
2024-09-11,0.53580169243337,0.3913875987465114,0.5269154453550176,0.45396825396825413,0.0442175171814154,AADHARHFC.BO,0.42093765393758975,0.2816430116799422,0.27949601537912105,0.6442193793724242,0.4814559437797544,0.45619051494295615,0.4028572203621028,0.5053968641493052
2024-09-12,0.5270894360172851,0.5113237250174443,0.5514098235491072,0.5917461092509919,0.09070677359380636,AADHARHFC.BO,0.4563191161170761,0.33860235054250376,0.2998411689505138,0.7598435406504438,0.5600108886390319,0.45396825396825413,0.45619051494295615,0.4028572203621028
2024-09-13,0.6534167386193461,0.6076555023923444,0.6693250251806977,0.6244444831969242,0.1226776183737085,AADHARHFC.BO,0.48361964077237385,0.39890771928419344,0.32746774372680854,0.7837690946514393,0.6315488720716331,0.5917461092509919,0.45396825396825413,0.45619051494295615
2024-09-16,0.6836371963115031,0.6076555023923444,0.6676161797587175,0.6469842819940479,0.1828287593306879,AADHARHFC.BO,0.5396039344392833,0.45763623497237216,0.35330966680183806,0.800364508024372,0.6929148090086774,0.6244444831969242,0.5917461092509919,0.45396825396825413
2024-09-17,0.689082335799998,0.5661881977671452,0.6459698193213224,0.572063530815972,0.07790141613711833,AADHARHFC.BO,0.5661764451037725,0.4851351775789494,0.374993317318717,0.6923715586744346,0.7085872106126896,0.6469842819940479,0.6244444831969242,0.5917461092509919
2024-09-18,0.6158453093832277,0.5272726883348287,0.641982455390095,0.5965080140128967,0.06553079705117888,AADHARHFC.BO,0.5988642910648281,0.5173647028202177,0.39890779607807314,0.7135892034590925,0.7260294650215975,0.572063530815972,0.6469842819940479,0.6244444831969242
2024-09-19,0.6526000009305659,0.5438596491228074,0.6493876840051023,0.6047619047619048,0.17755825031680403,AADHARHFC.BO,0.6018491306533611,0.5376331354446204,0.41834276519090574,0.7209823058190614,0.7385088788164483,0.5965080140128967,0.572063530815972,0.6469842819940479
2024-09-20,0.6711134419569533,0.5406698564593304,0.6351467260225343,0.6317460317460317,0.10297194550045785,AADHARHFC.BO,0.6035235539453301,0.5529402344664573,0.43867006560072896,0.7457501119326639,0.7540733117955418,0.6047619047619048,0.5965080140128967,0.572063530815972
2024-09-23,0.7500679645401243,0.7792663087495018,0.739105719295281,0.8555555555555556,0.23286622082859282,AADHARHFC.BO,0.6513540375938534,0.6077842700515896,0.47395283636957597,0.9049586852565119,0.8466501533089099,0.6317460317460317,0.6047619047619048,0.5965080140128967
2024-09-24,0.8698610332870045,0.8637960090211325,0.8738251470424108,0.9269841269841272,0.387646030468685,AADHARHFC.BO,0.7327459928792908,0.6648205337281623,0.514232662401573,0.9426191671081663,0.9406207698396759,0.8555555555555556,0.6317460317460317,0.6047619047619048
2024-09-25,0.9322079468992555,0.8322169837769144,0.8857875865157321,0.9073017423115082,0.2165644569007779,AADHARHFC.BO,0.8040185803531674,0.7197415176014634,0.5573144217773809,0.9118946362147979,1.0,0.9269841269841272,0.8555555555555556,0.6317460317460317
2024-09-26,0.9066157248343427,0.802232854864434,0.7741384411644345,0.7304763067336308,0.2232224288000296,AADHARHFC.BO,0.83284796104983,0.7365485683369584,0.5915442481514086,0.6745820766359731,0.9719033632941855,0.9073017423115082,0.9269841269841272,0.8555555555555556
2024-09-27,0.7500679645401243,0.7397129965360851,0.760467156269133,0.7853969029017858,0.08369916104744198,AADHARHFC.BO,0.8680838559787136,0.7560478232437258,0.6285759969765312,0.7150640760042579,0.9636305678720493,0.7304763067336308,0.9073017423115082,0.9269841269841272
2024-09-30,0.7541518191564953,0.7186602481434412,0.699800710031357,0.6619047619047622,0.06325165801814801,AADHARHFC.BO,0.8236750025394284,0.7578554272651119,0.6566665796701754,0.5801998119274394,0.9032056605348767,0.7853969029017858,0.7304763067336308,0.9073017423115082
2024-10-01,0.7487066796680009,0.6299840510366828,0.6422672050138183,0.5942857530381942,0.07357808178631221,AADHARHFC.BO,0.7473791451896465,0.7605476314363853,0.6706761810329325,0.51510921534953,0.8238352945169163,0.6619047619047622,0.7853969029017858,0.7304763067336308
2024-10-03,0.591069825007096,0.5231259968102075,0.5781828940922624,0.5009525359623019,0.15118535579173256,AADHARHFC.BO,0.6541933543662308,0.748971162889573,0.6802598213411581,0.4330799551623012,0.7207574583637831,0.5942857530381942,0.6619047619047622,0.7853969029017858
2024-10-04,0.5583989880761284,0.4379584937574763,0.5007120478991283,0.45365087115575387,0.14077753420096012,AADHARHFC.BO,0.5907105254808895,0.7306641839145782,0.6811699949070027,0.3943079399554716,0.6177671698639109,0.5009525359623019,0.5942857530381942,0.6619047619047622
2024-10-07,0.541791379105208,0.425518419183613,0.46795784453922185,0.4079365079365078,0.19301273690928766,AADHARHFC.BO,0.504149644200047,0.703549841903897,0.675691078564935,0.357667728998783,0.516622157324974,0.45365087115575387,0.5009525359623019,0.5942857530381942
2024-10-08,0.43424987420744054,0.5767144746187203,0.4542865596439203,0.5333333333333337,0.23363395029182968,AADHARHFC.BO,0.47466507757232623,0.6645128814204346,0.683026037469114,0.48179710804052883,0.4830795990506872,0.4079365079365078,0.45365087115575387,0.5009525359623019
2024-10-09,0.6071330529671424,0.527910685805423,0.5371688655665392,0.47714301215277777,0.12683445717827047,AADHARHFC.BO,0.44780138797218205,0.6100149957612708,0.6842039213167714,0.43361492919937966,0.43390035122801496,0.5333333333333337,0.4079365079365078,0.45365087115575387
2024-10-10,0.5883472552628488,0.4299840120987839,0.5553973613201535,0.4841269841269842,0.04319819444829851,AADHARHFC.BO,0.443942878273341,0.5587477175489837,0.685899350781054,0.44057210656856755,0.3970301038372632,0.47714301215277777,0.5333333333333337,0.4079365079365078
2024-10-11,0.541791379105208,0.40031897926634796,0.5628025899351616,0.4850795200892857,0.0332917094467723,AADHARHFC.BO,0.4511502345561187,0.5290180961810407,0.6799028888223617,0.4415853475044233,0.3679325289632734,0.4841269841269842,0.47714301215277777,0.5333333333333337
2024-10-14,0.5475087090991395,0.5043061422198969,0.5727712605229591,0.5104763454861114,0.11396805135462626,AADHARHFC.BO,0.4746651220067739,0.49571169396609527,0.6734959566455969,0.46977184344359774,0.35454248448321496,0.4850795200892857,0.4841269841269842,0.47714301215277777
2024-10-15,0.5692892670531178,0.5215311004784691,0.595556793295068,0.5946033296130953,0.09903895070806855,AADHARHFC.BO,0.4887158275769252,0.48755818011242225,0.6705512633655264,0.5578294792841485,0.37592272453608233,0.5104763454861114,0.4850795200892857,0.4841269841269842
2024-10-16,0.6408929842647968,0.490909168784889,0.5986899083551243,0.5203175378224203,0.028713081925058503,AADHARHFC.BO,0.49861680007813414,0.4785969909228722,0.6676422655158794,0.4780523442695472,0.36412096347217077,0.5946033296130953,0.5104763454861114,0.4850795200892857
2024-10-17,0.5785460706525458,0.4644337339264357,0.5474224596178794,0.4669842432415674,0.01770402641729334,AADHARHFC.BO,0.49468555118843893,0.4744817598519515,0.660360844310977,0.42504412891482396,0.3344161243664289,0.5203175378224203,0.5946033296130953,0.5104763454861114
2024-10-18,0.4816226542263311,0.37161084529505617,0.4807747067235333,0.47174614800347214,0.07925188001220967,AADHARHFC.BO,0.4916278835401564,0.47667398794339144,0.6528831145778224,0.43062492385771883,0.31309317848264157,0.4669842432415674,0.5203175378224203,0.5946033296130953
2024-10-21,0.5311732906336557,0.40063788065689865,0.45855884703869076,0.4247620597718256,0.038273626180499676,AADHARHFC.BO,0.47197150578834224,0.47871238988096687,0.6412471231792343,0.38272101968746014,0.27892225883292776,0.47174614800347214,0.4669842432415674,0.5203175378224203
2024-10-22,0.503947593191183,0.3751195393490834,0.42438054788052737,0.34825400700644815,0.10437420798993627,AADHARHFC.BO,0.4154775934409778,0.4562901798350505,0.612728217105948,0.31101200833191983,0.22385870469819355,0.4247620597718256,0.47174614800347214,0.4669842432415674
2024-10-23,0.3841545244443032,0.289952230985846,0.39589863191539143,0.3514286101810513,0.05998094550970761,AADHARHFC.BO,0.37674724024310624,0.4410599821530674,0.5803722864556007,0.315435237606376,0.18332472731029592,0.34825400700644815,0.4247620597718256,0.47174614800347214
2024-10-24,0.4328885893353167,0.27240837133672313,0.4115636856962164,0.32000015500992074,0.015567333573826902,AADHARHFC.BO,0.34304020135558844,0.4211761501245608,0.547356028466937,0.2857047054257558,0.141490760627778,0.3514286101810513,0.34825400700644815,0.4247620597718256
2024-10-25,0.3819765018833987,0.3173843700159491,0.3973227277136484,0.34444444444444455,0.17182710362497802,AADHARHFC.BO,0.3138468136635222,0.40413832494703383,0.5256545247884885,0.3231026672692668,0.12034073208608656,0.32000015500992074,0.3514286101810513,0.34825400700644815
2024-10-28,0.3863327131776768,0.33620422460626065,0.38450586552933697,0.42412710038442425,0.037500346865721346,AADHARHFC.BO,0.3137012019784704,0.39367718404382623,0.5053450666475188,0.4362782212043487,0.13662180577006489,0.34444444444444455,0.32000015500992074,0.3514286101810513
2024-10-29,0.49278512370875704,0.46794262266995634,0.4819140528980661,0.5434921022445436,0.06308516247190388,AADHARHFC.BO,0.3584740624131584,0.3874851003654034,0.4986882773505097,0.5751939618880273,0.19711877851844517,0.42412710038442425,0.34444444444444455,0.32000015500992074
2024-10-31,0.6125781924556368,0.46379593114533524,0.5553973613201535,0.4739684089781746,0.007636595721064462,AADHARHFC.BO,0.3865754291190133,0.38186994105498195,0.49192441265494846,0.4936875818458097,0.21981077364561974,0.5434921022445436,0.42412710038442425,0.34444444444444455
2024-11-01,0.5853524950131641,0.4258373205741628,0.5827399311107566,0.5107937282986108,0.0,AADHARHFC.BO,0.43032905219279094,0.38717742458351756,0.49247765370199614,0.5344334399155166,0.253026214017704,0.4739684089781746,0.5434921022445436,0.42412710038442425
2024-11-04,0.5428804734718948,0.4612439412629592,0.5679294738807412,0.5546032133556547,0.0682816734652348,AADHARHFC.BO,0.47852358727116595,0.3972154907467451,0.4981528785723155,0.5814504699401446,0.29676123645318675,0.5107937282986108,0.4739684089781746,0.5434921022445436
2024-11-06,0.5853524950131641,0.5020734431070579,0.5841640269090136,0.5901588076636903,0.08858118045342286,AADHARHFC.BO,0.5165987101035312,0.4172531724032731,0.5083968462188575,0.6184481023900874,0.3451040901521142,0.5546032133556547,0.5107937282986108,0.4739684089781746
2024-11-07,0.6771031286287914,0.5776713734798649,0.672742889864478,0.6314286489335315,0.17945259964295954,AADHARHFC.BO,0.5367647065358008,0.451559550252044,0.5139114579913473,0.6601230172620527,0.3986769592026278,0.5901588076636903,0.5546032133556547,0.5107937282986108
2024-11-08,0.696433307343959,0.6108452950558214,0.6619197965656904,0.6006349593874005,0.052508995384373466,AADHARHFC.BO,0.5658124381083685,0.48175069702989415,0.5208537889463072,0.6158847189768899,0.428360414785087,0.6314286489335315,0.5901588076636903,0.5546032133556547
2024-11-11,0.6234684714326262,0.4928229665071773,0.5249216764694942,0.45238095238095255,0.053180527420891494,AADHARHFC.BO,0.5524169629037234,0.4977885230994392,0.5190691263523255,0.43570161294495463,0.39436637693263343,0.6006349593874005,0.6314286489335315,0.5901588076636903
2024-11-12,0.5200108211512298,0.3744817365679829,0.49843352938988117,0.40952380952380985,0.028861077966164404,AADHARHFC.BO,0.5191467146369111,0.5056728353153108,0.5148216206644758,0.39212937054562363,0.35090957414026386,0.45238095238095255,0.6006349593874005,0.6314286489335315
2024-11-13,0.47481622986571326,0.3046251993620417,0.43036168069727854,0.3774603949652775,0.07494334526551415,AADHARHFC.BO,0.47036977725277973,0.5000192018608054,0.5073438800386056,0.3602452491880573,0.3046346285906021,0.40952380952380985,0.45238095238095255,0.6006349593874005
2024-11-14,0.45031310216748777,0.44497607655502414,0.47080603613573535,0.447936624193948,0.14303077392679744,AADHARHFC.BO,0.42829057747097066,0.4884427333139931,0.49909873667586657,0.45011322050571184,0.29563325868750534,0.3774603949652775,0.40952380952380985,0.45238095238095255
2024-11-18,0.49196838601997683,0.33652312599681045,0.4500142722491498,0.37428579179067434,0.11769570163998112,AADHARHFC.BO,0.37638318881325405,0.4763662652131906,0.4908892887435501,0.3744385795362238,0.26118443874701924,0.447936624193948,0.3774603949652775,0.40952380952380985
2024-11-19,0.45630262266685584,0.3215310615405702,0.4414696974596093,0.373015873015873,0.07239781335849266,AADHARHFC.BO,0.3581828390430557,0.45967458996163346,0.48560668092973414,0.37316264451798214,0.2346877956676685,0.37428579179067434,0.447936624193948,0.3774603949652775
2024-11-21,0.4560304321614188,0.32631575053578565,0.40045566893388607,0.3669842432415673,0.052584843355440246,AADHARHFC.BO,0.3484274782268981,0.4369447041338317,0.4797172943695944,0.3667026209916689,0.21291450226069206,0.373015873015873,0.37428579179067434,0.447936624193948
2024-11-22,0.4911516483311966,0.3154705722936608,0.41469662691645404,0.3326985677083334,0.021383577989288787,AADHARHFC.BO,0.3381624987302856,0.4057536051963142,0.4745417728470471,0.32943357902039266,0.18435643151456063,0.3669842432415673,0.373015873015873,0.37428579179067434
2024-11-25,0.42662671215804204,0.29984051036682624,0.30447175120323244,0.22920638795882908,0.18337079483123825,AADHARHFC.BO,0.2880023169898398,0.3570247050014368,0.46784928811961546,0.23023361301878426,0.1245169799320261,0.3326985677083334,0.3669842432415673,0.373015873015873
2024-11-26,0.3313367711093873,0.17703349282296665,0.33466251259034907,0.2679365854414679,0.08510142353692038,AADHARHFC.BO,0.2636138482977741,0.3167185672463484,0.4631556276759863,0.2908985772335541,0.09488065094837878,0.22920638795882908,0.3326985677083334,0.3669842432415673
2024-11-27,0.3784371944503713,0.29792671264453796,0.37880948233630996,0.3774603949652775,0.154739110728788,AADHARHFC.BO,0.26463308565868404,0.30764200257286145,0.4663858626140067,0.4416018772448817,0.11613952562787525,0.2679365854414679,0.22920638795882908,0.3326985677083334
2024-11-28,0.45984209627235284,0.3413078149920259,0.4312162772480881,0.34000011625744,0.07254580939959855,AADHARHFC.BO,0.2584449667368167,0.2992192636072293,0.4661360163864794,0.4013450717814833,0.12119295323793752,0.3774603949652775,0.2679365854414679,0.22920638795882908
2024-11-29,0.422542857541671,0.34226471385317003,0.4420393705468757,0.4330159505208333,0.12490680874286611,AADHARHFC.BO,0.2814501910725684,0.3059497740354127,0.466635719734251,0.5136130780717465,0.1630592797945269,0.34000011625744,0.3774603949652775,0.2679365854414679
2024-12-02,0.5088483516688038,0.35534298058712155,0.4856166672055702,0.43428586929563506,0.05096428670533063,AADHARHFC.BO,0.3284799215394294,0.3042959961678906,0.4604964869465831,0.5150713831008165,0.1984368098142604,0.4330159505208333,0.34000011625744,0.3774603949652775
2024-12-03,0.5145656816627349,0.40031897926634796,0.5317574058370544,0.44825400700644824,0.019481828861077966,AADHARHFC.BO,0.36983110733043034,0.3132571853574402,0.45905090370982826,0.5319781520462583,0.2331513364853559,0.43428586929563506,0.4330159505208333,0.34000011625744
2024-12-04,0.5148378721681723,0.38596491228070207,0.526061022644027,0.4838096013144839,0.016529307841015254,AADHARHFC.BO,0.39421957602249647,0.32667975554387985,0.4575339405049439,0.5750976439614719,0.27515174934287145,0.44825400700644824,0.43428586929563506,0.4330159505208333
2024-12-05,0.5581267975706914,0.40031897926634796,0.5212190621619901,0.44000011625744007,0.051680217554180424,AADHARHFC.BO,0.41715201673294633,0.33552556924949206,0.4510913128977556,0.5141337755580118,0.29223154074074775,0.4838096013144839,0.44825400700644824,0.43428586929563506
2024-12-06,0.488973459597823,0.34800630170953006,0.49473091508237754,0.41555563306051546,0.041942078049412176,AADHARHFC.BO,0.41314793978350295,0.3455636354127192,0.44127566863085566,0.48108262397220986,0.29694863089285456,0.44000011625744007,0.4838096013144839,0.44825400700644824
2024-12-09,0.49033474446994685,0.32121216015001997,0.47251505539753547,0.39301602802579394,0.022610095179953937,AADHARHFC.BO,0.40368375790299993,0.36540904024545684,0.42787285690713883,0.4505788019122065,0.2926497393448472,0.41555563306051546,0.44000011625744007,0.4838096013144839
2024-12-10,0.473727135499026,0.3413078149920259,0.4542865596439203,0.3666666666666667,0.02044380312826632,AADHARHFC.BO,0.38497378945234617,0.3773701093881652,0.4147198914109498,0.4150968704167653,0.2798887319727659,0.39301602802579394,0.41555563306051546,0.44000011625744007
2024-12-11,0.4372446344571248,0.28548644338118034,0.43805183277582893,0.3431747194320436,0.050557297592289406,AADHARHFC.BO,0.3527227785464442,0.37321642764731777,0.40858065862328186,0.383749214508931,0.26172880020169126,0.3666666666666667,0.39301602802579394,0.41555563306051546
2024-12-12,0.4326163988298801,0.3674641537704346,0.4471660806526363,0.45238095238095255,0.18632886570284243,AADHARHFC.BO,0.35556200644992675,0.3868312746575482,0.4109899531251573,0.5464085228409921,0.28995710540435843,0.3431747194320436,0.3666666666666667,0.39301602802579394
2024-12-13,0.5091205421742404,0.3748006379585327,0.5240672537585036,0.4676192026289683,0.07240336321003413,AADHARHFC.BO,0.36750145367295595,0.39102343054247957,0.416058399249152,0.5663585690531927,0.3185099290765573,0.45238095238095255,0.3431747194320436,0.3666666666666667
2024-12-16,0.5213721060233532,0.3751195393490834,0.5072628538031463,0.45777781653025773,0.050808890862169435,AADHARHFC.BO,0.3823529124247691,0.39386946086761654,0.4166116402962001,0.5507065794294288,0.3374640190602676,0.4676192026289683,0.45238095238095255,0.3431747194320436
2024-12-17,0.5387966188555242,0.37129194390450593,0.49444599161883485,0.4044445219494044,0.018756648259659055,AADHARHFC.BO,0.3910162966891626,0.3885619773390814,0.4183070697604827,0.46871962194844313,0.3321594272928265,0.45777781653025773,0.4676192026289683,0.45238095238095255
2024-12-18,0.4799890126763007,0.4373204962868824,0.4870407630038267,0.4390477740575398,0.07815855925853983,AADHARHFC.BO,0.4130023280984516,0.38313911832660796,0.4220191766701378,0.5210535931241782,0.3413157437724148,0.4044445219494044,0.45777781653025773,0.4676192026289683
2024-12-19,0.48733998422026215,0.3110047846889952,0.4642552302317182,0.3857142857142857,0.017926020478952188,AADHARHFC.BO,0.3977140342914858,0.3765624340522895,0.42307212106495706,0.44185302738629545,0.3282908658246688,0.4390477740575398,0.4044445219494044,0.45777781653025773
2024-12-20,0.4601142867777894,0.3413078149920259,0.4653945764062515,0.3885715060763886,0.047965516922422326,AADHARHFC.BO,0.37958646814658836,0.3732933289871716,0.42621312287327884,0.44653898071945725,0.3193824913453449,0.3857142857142857,0.4390477740575398,0.4044445219494044
2024-12-23,0.43860591932924864,0.3231259578723087,0.44574198485437977,0.3882541232638892,0.05674353211051605,AADHARHFC.BO,0.36364298840856346,0.3727164280933275,0.4351542890047573,0.44604005936068386,0.3125948055966356,0.3885715060763886,0.3857142857142857,0.4390477740575398
2024-12-24,0.4639259508887239,0.288995137435208,0.45741950086415795,0.3701588464161705,0.023446272812202275,AADHARHFC.BO,0.35578044619472715,0.3731395028333071,0.4409009047359218,0.4165106813944987,0.30079226936651593,0.3882541232638892,0.3885715060763886,0.3857142857142857
2024-12-26,0.41791445574195674,0.2918660287081343,0.4371974100648388,0.39015880766369015,0.010370822580495972,AADHARHFC.BO,0.34456901296250564,0.3788315869577392,0.44161476977351466,0.4554281020792827,0.29966736490270734,0.3701588464161705,0.3882541232638892,0.3885715060763886
2024-12-27,0.48733998422026215,0.3110047846889952,0.4742239008195157,0.38031761532738084,0.009273801925798485,AADHARHFC.BO,0.34333142472569067,0.37010117221022165,0.4438812934464149,0.4377354349929497,0.2955844772684615,0.39015880766369015,0.3701588464161705,0.3882541232638892
2024-12-30,0.4151918859977095,0.35725677830941027,0.4343492184683253,0.43777785528273805,0.019531777524951208,AADHARHFC.BO,0.3546156415832131,0.36648591721913437,0.44414899283551224,0.5473897757938031,0.3147980053142817,0.38031761532738084,0.39015880766369015,0.3701588464161705
2024-12-31,0.4685541865159686,0.3240828567334533,0.4582740974149675,0.3688889276413687,0.016812350269630287,AADHARHFC.BO,0.3501747295786162,0.3557171005340414,0.44047258135627976,0.4250899104908538,0.3040454909589125,0.43777785528273805,0.38031761532738084,0.39015880766369015
2025-01-01,0.4440510588177431,0.2877193371835127,0.44545723523065606,0.3501588851686508,0.02674473457835003,AADHARHFC.BO,0.345588250323416,0.34914043973387976,0.4349579804765056,0.3951191246755123,0.2889928921068735,0.3688889276413687,0.43777785528273805,0.38031761532738084
2025-01-02,0.48434522397057833,0.3074960906349684,0.44745083027636046,0.3600000775049601,0.011033104864444875,AADHARHFC.BO,0.33867211741074055,0.33956387550640166,0.42799779635997703,0.4152212978860737,0.2815968550428696,0.3501588851686508,0.3688889276413687,0.43777785528273805
2025-01-03,0.43316077984075374,0.3110047846889952,0.45314721346938747,0.4019048781622021,0.034782769560914244,AADHARHFC.BO,0.3436226036613452,0.34152535262996686,0.4258562012471985,0.4977681107132969,0.29246459927700114,0.3600000775049601,0.3501588851686508,0.3688889276413687
2025-01-06,0.4440510588177431,0.29824561403508776,0.44830542682716956,0.3666666666666667,0.015781927833430458,AADHARHFC.BO,0.32731507249346814,0.3388715991286202,0.4231078164953801,0.43401058261606945,0.2882115747747689,0.4019048781622021,0.3600000775049601,0.3501588851686508
2025-01-07,0.403757059837377,0.28548644338118034,0.422386778995004,0.37873031374007926,0.03464032337134982,AADHARHFC.BO,0.32957194252564115,0.337717797340932,0.4223047183280886,0.458434976670326,0.2901299433084628,0.3666666666666667,0.4019048781622021,0.3600000775049601
2025-01-08,0.454669147289295,0.2874002411034695,0.45314721346938747,0.3688889276413687,0.03666046933244536,AADHARHFC.BO,0.33386719841073953,0.3375639477129102,0.4224296468882103,0.43964099368215676,0.28854000132631613,0.37873031374007926,0.3666666666666667,0.4019048781622021
2025-01-09,0.4655594262662843,0.28548644338118034,0.45741950086415795,0.3688889276413687,0.006872566158855251,AADHARHFC.BO,0.33590562869811214,0.3349871190255742,0.423875219232249,0.43964099368215676,0.28795818333488876,0.3688889276413687,0.37873031374007926,0.3666666666666667
2025-01-10,0.3947726129158551,0.3974480879934217,0.4129877814944729,0.3711111886160712,0.08924901258891324,AADHARHFC.BO,0.3288438841003858,0.3338717679078127,0.419306487348742,0.4450710238638675,0.289017059593824,0.3688889276413687,0.3688889276413687,0.37873031374007926
2025-01-13,0.40784091445374804,0.3046251993620417,0.3301054755718549,0.2590477353050593,0.06631332611852632,AADHARHFC.BO,0.30416423647266555,0.3122187590536889,0.40758125192773864,0.24610995331110314,0.24793288158349625,0.3711111886160712,0.3688889276413687,0.3688889276413687
2025-01-14,0.36645782110669556,0.2111643132600678,0.36342917817920917,0.2609524197048607,0.0292421677720121,AADHARHFC.BO,0.27715489075302235,0.29914233879321905,0.3965163438450512,0.2510420542068636,0.21759462302475266,0.2590477353050593,0.3711111886160712,0.3688889276413687
2025-01-15,0.3514836875133356,0.17575749788177886,0.31643401683673433,0.20571444072420642,0.025886357539935807,AADHARHFC.BO,0.23973499828616296,0.2816430116799422,0.3853443603638116,0.17462818285449183,0.1743131251186122,0.2609524197048607,0.2590477353050593,0.3711111886160712
2025-01-16,0.3495780216303386,0.1661881198913484,0.30532617391422257,0.1965080140128963,0.03729500235868691,AADHARHFC.BO,0.2002038474721819,0.26183608099128897,0.37170953378870397,0.1628108938171416,0.13887124926359634,0.20571444072420642,0.2609524197048607,0.2590477353050593
2025-01-17,0.405662891892844,0.2389155483702159,0.30276273194143277,0.2050794813368051,0.16732247412381718,AADHARHFC.BO,0.1621287246398162,0.23799084404572568,0.36155481016457713,0.1879245811469233,0.11672913474865873,0.1965080140128963,0.20571444072420642,0.2609524197048607
2025-01-20,0.3408657652142528,0.1393939783318383,0.28254064114211364,0.19682539682539701,0.031319662199036175,AADHARHFC.BO,0.1478596237593126,0.2174147121652803,0.3507754437398405,0.17586462336806635,0.09886747054288966,0.2050794813368051,0.1965080140128963,0.20571444072420642
2025-01-21,0.3027497887947912,0.16331742330791466,0.31045288401998317,0.2346032521081347,0.03644772502335562,AADHARHFC.BO,0.14181711652249618,0.1999538357219306,0.3421376724278824,0.28852903517636425,0.1020502346399891,0.19682539682539701,0.2050794813368051,0.1965080140128963
2025-01-22,0.35556754212970665,0.18341307814992058,0.2836798134768279,0.22158745659722223,0.02010341223372275,AADHARHFC.BO,0.1454571864765355,0.1821083821568421,0.3337854536665903,0.26583106809036633,0.10238833608840439,0.2346032521081347,0.19682539682539701,0.2050794813368051
2025-01-23,0.2804246836574693,0.13524728680721765,0.2933637344409017,0.19238106863839244,0.07001507709668765,AADHARHFC.BO,0.14451077717537464,0.160724598414677,0.32266700788462677,0.21680865594553494,0.09434315493446366,0.22158745659722223,0.2346032521081347,0.19682539682539701
2025-01-24,0.2722569744247276,0.10366826156299869,0.23924809410714287,0.13079368954613058,0.018018518004643377,AADHARHFC.BO,0.1274752320166903,0.13161032861050526,0.3086395533603006,0.12885932790250226,0.06752022086679871,0.19238106863839244,0.22158745659722223,0.2346032521081347
2025-01-27,0.2009256138909552,0.0,0.12019372014083807,0.0,0.08562865943336015,AADHARHFC.BO,0.08233836458659827,0.10022690590088201,0.2840290518322046,0.0,0.0,0.13079368954613058,0.19238106863839244,0.22158745659722223
2025-01-28,0.1265994931074983,0.12599681020733655,0.034463048781886885,0.1606350368923608,0.11978984562162961,AADHARHFC.BO,0.065375647487663,0.08807353646022564,0.2723216695727704,0.3422772905181402,0.012075860933987714,0.0,0.13079368954613058,0.19238106863839244
2025-01-29,0.2684453103137936,0.11547053335576152,0.21560813862404382,0.21142868768601142,0.03821997761559878,AADHARHFC.BO,0.06304599383018772,0.08876581283800711,0.2645226918585273,0.4230313536051166,0.04464764886875855,0.1606350368923608,0.0,0.13079368954613058
2025-01-30,0.2670840254416702,0.10909094802880803,0.25947018490646245,0.14539698040674587,0.027549463051863364,AADHARHFC.BO,0.05227139565312022,0.082573752633742,0.25245837708029617,0.3433104943189756,0.048525084418015674,0.21142868768601142,0.1606350368923608,0.0
2025-01-31,0.29349298519536227,0.1161085308263563,0.2759898352380965,0.21492067367311485,0.023575769348169937,AADHARHFC.BO,0.07156376640953033,0.0837660050913569,0.24194671004465684,0.4471650351174316,0.08137365539031327,0.14539698040674587,0.21142868768601142,0.1606350368923608
2025-02-01,0.3563844459909564,0.1578947368421053,0.2839647369403706,0.1965080140128963,0.03459037470747658,AADHARHFC.BO,0.1166278502143201,0.0837275544214302,0.23238092289800116,0.42394713347740615,0.10313959355647898,0.21492067367311485,0.14539698040674587,0.21142868768601142
2025-02-03,0.29921048136176376,0.10590115536533107,0.25348905208971084,0.16698424324156713,0.02777885691557751,AADHARHFC.BO,0.11808387819593635,0.0755355664236732,0.22047722121759916,0.38675970881645055,0.11175347046949538,0.1965080140128963,0.21492067367311485,0.14539698040674587
2025-02-04,0.27116788005804127,0.09569377990430628,0.26516656809948946,0.17428579179067416,0.02440084727733533,AADHARHFC.BO,0.10956610561659375,0.06980500815515711,0.20953724169503385,0.3987181404519224,0.12395457164900126,0.16698424324156713,0.1965080140128963,0.21492067367311485
2025-02-05,0.3130955205884369,0.10685805422647565,0.2708629512925169,0.16952388702876942,0.018214612759108694,AADHARHFC.BO,0.11509899417295522,0.06703587916987308,0.19832956278337122,0.39211581118752964,0.1342443014559615,0.17428579179067416,0.16698424324156713,0.1965080140128963
2025-02-06,0.2967601021229531,0.093779982182018,0.2549131478879678,0.17936507936507917,0.03394474197815209,AADHARHFC.BO,0.10694522858901667,0.07292026359225323,0.18755019635863457,0.41021261972733664,0.1484668818957416,0.16952388702876942,0.17428579179067416,0.16698424324156713
2025-02-07,0.3228967051987395,0.20255183413078148,0.3278267832227888,0.23111126612103172,0.19447789771623608,AADHARHFC.BO,0.11488059886260249,0.10091920575282165,0.18597969545447413,0.5013269764459747,0.18152812143129907,0.17936507936507917,0.16952388702876942,0.17428579179067416
2025-02-10,0.3291587485484837,0.13971287972238855,0.24238103532738053,0.12698412698412698,0.0209950883813858,AADHARHFC.BO,0.10570759591775358,0.09684242535182763,0.17844841712932746,0.35078763062654567,0.16975692158374517,0.23111126612103172,0.17936507936507917,0.16952388702876942
2025-02-11,0.21562755697887814,0.04944178628389162,0.2047850453252562,0.12507944258432513,0.060837472597608015,AADHARHFC.BO,0.09442337906023068,0.08638128444862003,0.17391536978352695,0.34833318950012254,0.1618284101915602,0.12698412698412698,0.23111126612103172,0.17936507936507917
2025-02-12,0.26490600288076616,0.0650718482107262,0.16234692100127557,0.15396825396825387,0.03698051077133687,AADHARHFC.BO,0.0908560927314932,0.08741968727821359,0.17152391755050544,0.40139628059912474,0.16869916293622245,0.12507944258432513,0.12698412698412698,0.23111126612103172
2025-02-13,0.26109450494230213,0.09250398724082931,0.25947018490646245,0.1790476965525789,0.006332380608818714,AADHARHFC.BO,0.09078330910619137,0.08307370523941815,0.1700604920448967,0.4462830739449885,0.18563932607220449,0.15396825396825387,0.12507944258432513,0.12698412698412698
2025-02-14,0.24884294109318938,0.06315785579894362,0.1908288369664115,0.12095249720982126,0.01693074710251501,AADHARHFC.BO,0.06552121473826666,0.07392021575192054,0.16579515498091002,0.3605603615941558,0.1786780493415063,0.1790476965525789,0.15396825396825387,0.12507944258432513
2025-02-17,0.19793085364127094,0.09218508585027951,0.20706356383450286,0.17650805276537662,0.024707939062630076,AADHARHFC.BO,0.07687825965553863,0.07507401753960918,0.16252922461246655,0.45800672655821867,0.19624511847146978,0.12095249720982126,0.1790476965525789,0.15396825396825387
2025-02-18,0.28859239289021144,0.08963309596790303,0.23098826894132607,0.1685715448288687,0.016529307841015254,AADHARHFC.BO,0.08685206021649705,0.07438174116182728,0.15954883590197344,0.4457348859967874,0.2087091183405338,0.17650805276537662,0.12095249720982126,0.1790476965525789
2025-02-19,0.23795266211620003,0.079106819116328,0.24352038150191335,0.12888900514632917,0.010309774213539787,AADHARHFC.BO,0.08110077634978285,0.06945885822918774,0.15597951071401006,0.3853415950420786,0.20497282727201938,0.1685715448288687,0.17650805276537662,0.12095249720982126
2025-02-20,0.2804246836574693,0.06858054226475296,0.19652522015943896,0.10952380952380958,0.01944297990028767,AADHARHFC.BO,0.06515725217730983,0.06099764511947159,0.15478378459749909,0.3569870728811942,0.19630501193282854,0.12888900514632917,0.1685715448288687,0.17650805276537662
2025-02-21,0.1687993241433312,0.05007978375448596,0.17658787898384354,0.10666678292410658,0.024691289508005664,AADHARHFC.BO,0.06188118921867458,0.0459212970655094,0.16078025744890745,0.3526727090675676,0.19014359593545435,0.10952380952380958,0.12888900514632917,0.1685715448288687
2025-02-24,0.22570109826708729,0.00446578760466565,0.13386500503613963,0.013650948660714146,0.037920285632359337,AADHARHFC.BO,0.024534080377116574,0.03219107457134207,0.15251727181731534,0.2277087701650799,0.15176532883073673,0.10666678292410658,0.10952380952380958,0.12888900514632917
2025-02-25,0.12278782899656449,0.025199439917265476,0.12845337146683633,0.10380956256200369,0.08525866933059541,AADHARHFC.BO,0.009682577190855746,0.029614245884006074,0.14646726126663046,0.40014072409766416,0.15817013097075827,0.013650948660714146,0.10666678292410658,0.10952380952380958
2025-02-27,0.20963787030704006,0.04816579134270382,0.2119055243165402,0.11809527684771792,0.038147829545559654,AADHARHFC.BO,0.007207311848329567,0.025268263845210637,0.14493244490017654,0.42452657834420443,0.17076475186197995,0.10380956256200369,0.013650948660714146,0.10666678292410658
2025-02-28,0.23196297544436195,0.03636371423943441,0.17915132095663377,0.10444452194940457,0.04912913579561747,AADHARHFC.BO,0.006042507236815986,0.016230149841650388,0.138721821251663,0.4042190883292622,0.17745252664565897,0.11809527684771792,0.10380956256200369,0.013650948660714146
2025-03-03,0.18867405004184246,0.03827751196172269,0.16434068988679895,0.08031761532738102,0.039995930108869586,AADHARHFC.BO,0.0,0.011307266909010849,0.13218996051477605,0.36824811196532753,0.17545639175585018,0.10444452194940457,0.11809527684771792,0.10380956256200369
2025-03-04,0.0,0.011164274322169376,0.0,0.10063495938740052,0.019927666934909494,AADHARHFC.BO,0.019947556687468726,0.002115303277428815,0.1284600113362675,0.40822554014928075,0.18356346610980354,0.08031761532738102,0.10444452194940457,0.11809527684771792
2025-03-05,0.21807777004521922,0.05582137161084555,0.2227286176153278,0.15111122736855132,0.009375549204058791,AADHARHFC.BO,0.03079498292428573,0.0,0.12715720982120393,0.5011016982823835,0.21095095941146924,0.10063495938740052,0.08031761532738102,0.10444452194940457
2025-03-06,0.27470735366353827,0.14609246504934248,0.27542016215082965,0.23777785528273787,0.017076893193107085,AADHARHFC.BO,0.05824111926463482,0.013191795744407653,0.13099423439826507,0.6329989464954204,0.2668805783496066,0.15111122736855132,0.10063495938740052,0.08031761532738102
2025-03-07,0.32398579956542584,0.32631575053578565,0.3389347999851191,0.4012699187748012,0.09161879919712147,AADHARHFC.BO,0.12631042740517628,0.04853659989692982,0.1434690302872843,0.8073059191736351,0.3737203917549181,0.23777785528273787,0.15111122736855132,0.10063495938740052
2025-03-10,0.4750884203711494,0.33620422460626065,0.43093135378454495,0.39111114986359086,0.07101775027518013,AADHARHFC.BO,0.19758297044460438,0.08299680389956476,0.1524637232253232,0.7888850624180721,0.4532606915388724,0.4012699187748012,0.23777785528273787,0.15111122736855132
2025-03-11,0.4083854616370912,0.41531104372258776,0.4189689143112245,0.42539682539682566,0.10798901129394788,AADHARHFC.BO,0.2720587928173672,0.13287948240797354,0.16923955160875215,0.8201294835585362,0.5273902091490542,0.39111114986359086,0.4012699187748012,0.23777785528273787
2025-03-12,0.4712767562602158,0.34896339526016806,0.4631158840571854,0.39111114986359086,0.009194254053704064,AADHARHFC.BO,0.32709663274866774,0.16768583633657785,0.18419502196777637,0.7548556093772205,0.5703858996626525,0.42539682539682566,0.39111114986359086,0.4012699187748012
2025-03-13,0.43860591932924864,0.29792671264453796,0.40871549409970287,0.3155556330605154,0.047667674889696705,AADHARHFC.BO,0.344932975523462,0.1916079980961518,0.19327895892823044,0.6249979623762865,0.5728208553946473,0.39111114986359086,0.42539682539682566,0.39111114986359086
2025-03-17,0.404029416515284,0.2845295445200362,0.422386778995004,0.3301587301587303,0.017149041263146213,AADHARHFC.BO,0.3286254443555854,0.21895309107470773,0.20177394851849684,0.6424001325978586,0.5777004051351697,0.3155556330605154,0.39111114986359086,0.42539682539682566
2025-03-18,0.4160086236864897,0.3177032714064998,0.43036168069727854,0.4053968641493051,0.017774324536818643,AADHARHFC.BO,0.3319015073142211,0.25833617800998177,0.21776452100348775,0.7259928715726427,0.6074745007863533,0.3301587301587303,0.3155556330605154,0.39111114986359086
2025-03-19,0.4979580726918149,0.40478476687101317,0.5140985831707061,0.49746035621279727,0.07658240142076199,AADHARHFC.BO,0.34842743379245045,0.30641125249700485,0.23580745547155724,0.8108900475110163,0.6628054131728296,0.4053968641493051,0.3301587301587303,0.3155556330605154
2025-03-20,0.5763680480916422,0.4236044267718304,0.45855884703869076,0.4120636470734129,0.046653902008121285,AADHARHFC.BO,0.35323235279245147,0.3380254261745024,0.24949581974594137,0.6729287991647945,0.6701128949821262,0.49746035621279727,0.4053968641493051,0.3301587301587303
2025-03-21,0.4712767562602158,0.3869218111418462,0.38678438403858406,0.36634928385416643,0.06766378999361766,AADHARHFC.BO,0.3648805766453789,0.35360175030829755,0.2628450937703821,0.6069417183913726,0.6547869819718202,0.4120636470734129,0.49746035621279727,0.4053968641493051
2025-03-24,0.4138306011255857,0.27910685805422686,0.39077192180963083,0.30952380952380976,0.06847036841764483,AADHARHFC.BO,0.3601484857051269,0.3424867836972352,0.2740884681124669,0.5304837333016723,0.6176819645488256,0.36634928385416643,0.4120636470734129,0.49746035621279727
2025-03-25,0.43234404215197353,0.24657093394886376,0.3449159328018707,0.26539694165426564,0.057226369194624045,AADHARHFC.BO,0.32804308648427627,0.32725660948940893,0.2830117810823758,0.4750343506178533,0.5687605169895185,0.30952380952380976,0.36634928385416643,0.4120636470734129
2025-03-26,0.332425699303605,0.17990438409589382,0.3329536671683688,0.24444444444444446,0.050614646058217944,AADHARHFC.BO,0.2700203625299942,0.3053343755233269,0.295986269426451,0.44919396461138633,0.5199424911161915,0.26539694165426564,0.30952380952380976,0.36634928385416643
2025-03-27,0.3351482690478522,0.2966507177033493,0.3506123159948977,0.3800000387524798,0.16006141835705895,AADHARHFC.BO,0.2626673945621656,0.3039882734376902,0.3115128339940929,0.6096099218270359,0.5312182742338059,0.24444444444444446,0.26539694165426564,0.30952380952380976
2025-03-28,0.439695013695935,0.3055820982231858,0.44033035128507647,0.3768254355778766,0.1708577295557344,AADHARHFC.BO,0.26506983184494226,0.31141106024365506,0.3260578341350442,0.6052862757059965,0.5367448639447118,0.3800000387524798,0.24444444444444446,0.26539694165426564
2025-04-01,0.41301386343680546,0.28261555210825406,0.4320706999590782,0.3660319010416666,0.013221596322298381,AADHARHFC.BO,0.2780285164288814,0.3157570657566078,0.34076345826654064,0.5897705586716724,0.5348097341653193,0.3768254355778766,0.3800000387524798,0.24444444444444446
2025-04-02,0.41410279163102315,0.41690594005432624,0.4332098722937925,0.5053968641493052,0.05728556761106641,AADHARHFC.BO,0.33306635636018234,0.32787198452733746,0.36466008386432813,0.7304664629765718,0.5840948592571108,0.3660319010416666,0.3768254355778766,0.3800000387524798
2025-04-03,0.471821303443559,0.5074959348833739,0.4935915689078443,0.5860318622891865,0.22262859468509216,AADHARHFC.BO,0.4114006884317849,0.33860235054250376,0.39194757928339596,0.7952569158352545,0.6506370116742777,0.5053968641493052,0.3660319010416666,0.3768254355778766
2025-04-04,0.624557565799313,0.5470494417862839,0.5320421554607782,0.5485715835813494,0.12707310079455375,AADHARHFC.BO,0.4500582580043546,0.35514017616604,0.41429155713859167,0.738856665462813,0.6850776513460911,0.5860318622891865,0.5053968641493052,0.3660319010416666
2025-04-07,0.35611208931304983,0.3476874003189794,0.3725434260560161,0.41968257843501977,0.12476251260278787,AADHARHFC.BO,0.4598864468802617,0.36160146148226424,0.42451767162356413,0.5697527171412005,0.6592418431462143,0.5485715835813494,0.5860318622891865,0.5053968641493052
2025-04-08,0.5292676247506587,0.4889951763731064,0.5357447697682822,0.5669842432415675,0.11318182238625116,AADHARHFC.BO,0.5059697236115146,0.392792583893939,0.4338336125426925,0.6957839592912578,0.6913984393304975,0.41968257843501977,0.5485715835813494,0.5860318622891865
2025-04-09,0.6044104832228951,0.5199362041467306,0.6263174016092701,0.5990476578000989,0.05372071297092803,AADHARHFC.BO,0.5274461363403486,0.43321409713296477,0.44552315253327324,0.7198364611475014,0.7248459290388616,0.5669842432415675,0.41968257843501977,0.5485715835813494
2025-04-11,0.7214809822255281,0.5853269537480066,0.6468242420323129,0.6244444831969242,0.04460785673983221,AADHARHFC.BO,0.5362550878553454,0.47925079315656927,0.4567129891760824,0.7390508160617617,0.7563910388603549,0.5990476578000989,0.5669842432415675,0.41968257843501977
2025-04-15,0.7105907032485388,0.5789473684210527,0.7017944789168808,0.6568254743303572,0.035524599716957574,AADHARHFC.BO,0.5610803471681169,0.5127879698135476,0.47165061726625357,0.7636743167339295,0.7887394327707852,0.6244444831969242,0.5990476578000989,0.5669842432415675
2025-04-16,0.7320990706970805,0.682934531374602,0.7174595326977058,0.7641270228794643,0.1934826243397989,AADHARHFC.BO,0.6400698651707777,0.559709242512882,0.49686789754067284,0.8379312840487956,0.8498103910859518,0.6568254743303572,0.6244444831969242,0.5990476578000989
2025-04-17,0.7609582435171136,0.7001594896331742,0.7960695512255533,0.7676192026289685,0.024979881788162166,AADHARHFC.BO,0.6860803582767292,0.6083612178937492,0.5214605567999153,0.8402092627884321,0.8932522846410246,0.7641270228794643,0.6568254743303572,0.6244444831969242
2025-04-21,0.7770214714771604,0.6813396350428635,0.7419539108917945,0.7361905536954363,0.13302254164701094,AADHARHFC.BO,0.7175305715665217,0.6363216859102327,0.540056743207749,0.7919651613416026,0.9091209630957978,0.7676192026289685,0.7641270228794643,0.6568254743303572
2025-04-22,0.7919956050705208,0.6679426616078552,0.7410994881808044,0.6812699575272818,0.05797189925169502,AADHARHFC.BO,0.7305620397757622,0.6478597037871183,0.5503899439839901,0.7107561613718496,0.894281411071253,0.7361905536954363,0.7676192026289685,0.7641270228794643
2025-04-23,0.7195751501700611,0.6746411483253589,0.7006551327423476,0.7238095238095239,0.049767368722886667,AADHARHFC.BO,0.7459231172080307,0.6690896379012612,0.5679153219427184,0.7469843219215635,0.8925763249172093,0.6812699575272818,0.7361905536954363,0.7676192026289685
2025-04-24,0.7595969586449898,0.6360447349730864,0.7205924739179426,0.6619047619047622,0.018431056969226076,AADHARHFC.BO,0.7224810578171259,0.6984346586733086,0.5845305263356027,0.6580063045022515,0.8615034556900948,0.7238095238095239,0.6812699575272818,0.7361905536954363
2025-04-25,0.6986113299048631,0.5974481269313201,0.6260324781457269,0.577777777777778,0.09638797162175912,AADHARHFC.BO,0.6789457856192538,0.6997422866148613,0.599610925254749,0.550373903308933,0.7993336624766744,0.6619047619047622,0.7238095238095239,0.6812699575272818
2025-04-28,0.6253743034880932,0.5853269537480066,0.6542296444871396,0.6663492838541667,0.029619557676832144,AADHARHFC.BO,0.6629294778214794,0.7078958239426916,0.622151211638196,0.636875159131951,0.7791157515645115,0.577777777777778,0.6619047619047622,0.7238095238095239
2025-04-29,0.6561393083635934,0.641786322829446,0.6864141747597792,0.7076191251240078,0.009012958903349334,AADHARHFC.BO,0.6689719850582958,0.7179723642500035,0.6481894432414772,0.6738014766140801,0.7740269200061973,0.6663492838541667,0.577777777777778,0.6619047619047622
2025-04-30,0.6888101452945605,0.6162679815216308,0.7094844571556123,0.6473016648065473,0.024509994357650933,AADHARHFC.BO,0.6514268656536024,0.7168185624623145,0.6632163044613475,0.5966238039767175,0.7422569645600301,0.7076191251240078,0.6663492838541667,0.577777777777778
2025-05-02,0.677647675812135,0.5942583342678431,0.7060667663116513,0.6746031746031749,0.012483466067282702,AADHARHFC.BO,0.6543389216168345,0.7059728209632108,0.6799564374143534,0.6233715652687128,0.7232309468318656,0.6473016648065473,0.7076191251240078,0.6663492838541667
2025-05-05,0.7095016088818524,0.6245613645708734,0.7265736067346937,0.7025398375496033,0.028557686081897307,AADHARHFC.BO,0.6829499070031444,0.6980885087473392,0.6988738609105605,0.6508012646831034,0.7146476071349984,0.6746031746031749,0.6473016648065473,0.7076191251240078
2025-05-06,0.7582356737728664,0.6283891547049443,0.6559384899091198,0.6361905536954362,0.05637354200775129,AADHARHFC.BO,0.6760337740904689,0.6859735899766095,0.7062266729763089,0.5624871364491766,0.6785250242951463,0.7025398375496033,0.6746031746031749,0.6473016648065473
2025-05-07,0.5431526639773314,0.49601275917065424,0.5682142235044645,0.5669842432415675,0.07125454394094957,AADHARHFC.BO,0.643782763184567,0.6721279685243471,0.7051558754199201,0.4796524112947273,0.6201523981007726,0.6361905536954362,0.7025398375496033,0.6746031746031749
2025-05-08,0.6231962809271896,0.5116428210974884,0.6120764436267021,0.5625397212921626,0.012942253794710992,AADHARHFC.BO,0.624344780743106,0.6525902629476525,0.705941120425642,0.4744548955306041,0.569615217230762,0.5669842432415675,0.6361905536954362,0.7025398375496033
2025-05-09,0.541791379105208,0.4092503597861845,0.5405867302503187,0.4898414248511904,0.01723228903626828,AADHARHFC.BO,0.5819744020256423,0.6317449294294053,0.7098852312939714,0.3921498129364757,0.4998636562120866,0.5625397212921626,0.5669842432415675,0.6361905536954362
2025-05-12,0.6398038898981095,0.5215311004784691,0.5610937445131805,0.48317464192708304,0.062359981870484964,AADHARHFC.BO,0.5316686086001452,0.6202838363665308,0.7051737176887731,0.3848672658455931,0.4409379442264365,0.4898414248511904,0.5625397212921626,0.5669842432415675
2025-05-13,0.5907976345016586,0.5151515151515151,0.5952720436713439,0.6082540845114086,0.027580912210598368,AADHARHFC.BO,0.5252620943679247,0.613245650156462,0.7056912741981143,0.5425929401900595,0.44121511193090135,0.48317464192708304,0.4898414248511904,0.5625397212921626
2025-05-14,0.6724747268290772,0.5365231649347093,0.6180575764434528,0.5444444444444447,0.011092303280887235,AADHARHFC.BO,0.5200931683725196,0.5934771701377359,0.7011939222827372,0.46798058570257045,0.4161153567681155,0.6082540845114086,0.48317464192708304,0.4898414248511904
2025-05-15,0.6506941688750989,0.5023923444976077,0.5952720436713439,0.5234921409970235,0.015994672142520188,AADHARHFC.BO,0.5111386051724716,0.5784777468977849,0.6936983393880136,0.44438547360119635,0.38770066960343436,0.5444444444444447,0.6082540845114086,0.48317464192708304
2025-05-16,0.5799073555246697,0.49888365044358096,0.5895756604783169,0.5898414248511905,0.027653060280637493,AADHARHFC.BO,0.5340710458829214,0.5682089297666821,0.6839005482826828,0.5246717926049149,0.39017795722087084,0.5234921409970235,0.5444444444444447,0.6082540845114086
2025-05-19,0.606043958600456,0.4998405493047251,0.5944176209603538,0.5326985677083336,0.053211976579626494,AADHARHFC.BO,0.5454280908001943,0.5476327978862363,0.6706940450872176,0.4573150078066773,0.36991623206461555,0.5898414248511905,0.5234921409970235,0.5444444444444447
2025-05-20,0.5992375342398377,0.44210518528209786,0.5474224596178794,0.4663492838541665,0.030807225906706995,AADHARHFC.BO,0.51288585652419,0.5270566660057905,0.6555244130383722,0.385916332577016,0.3285724797061009,0.5326985677083336,0.5898414248511905,0.5234921409970235
2025-05-21,0.5295398152560953,0.4028707744592306,0.5539732655218965,0.4841269841269842,0.007366502946046194,AADHARHFC.BO,0.49905359069883914,0.5170185763684056,0.6444416517941152,0.40954342085734324,0.303141941085229,0.4663492838541665,0.5326985677083336,0.5898414248511905
2025-05-22,0.5475087090991395,0.4095694558662286,0.5266306957312938,0.44444444444444464,0.028294993108934338,AADHARHFC.BO,0.48092602455394307,0.5027114295062365,0.6287366209670755,0.36640743417544724,0.2686400392597037,0.4841269841269842,0.4663492838541665,0.5326985677083336
2025-05-23,0.4895180067811662,0.4258373205741628,0.5121048142851827,0.5098413860987101,0.046541055026778036,AADHARHFC.BO,0.4625800630986934,0.5051344085655507,0.6201880936775321,0.45509248052990486,0.2673431690276175,0.44444444444444464,0.4841269841269842,0.4663492838541665
2025-05-26,0.537979714994274,0.44912276807964524,0.5628025899351616,0.5390477740575399,0.0431038469720935,AADHARHFC.BO,0.46403609108030874,0.5119033931378176,0.618010814027047,0.4924283730242219,0.27832784999591065,0.5098413860987101,0.44444444444444464,0.4841269841269842
2025-05-27,0.5750067632195184,0.4401913875598087,0.5861577957945365,0.5123810298859124,0.03306416553357198,AADHARHFC.BO,0.47459229394702396,0.5002884504469218,0.6093552004462355,0.4587773447607028,0.2775837922345752,0.5390477740575399,0.5098413860987101,0.44444444444444464
2025-05-28,0.5722841934752712,0.4481658692185011,0.5534035924346301,0.4739684089781746,0.04060271387740378,AADHARHFC.BO,0.4722626847239968,0.4917503359973523,0.5962200881116155,0.41138862586513075,0.263196845535578,0.5123810298859124,0.5390477740575399,0.5098413860987101
2025-05-29,0.5475087090991395,0.397129186602871,0.49273714619685416,0.41968257843501977,0.02419365281978707,AADHARHFC.BO,0.46658418448258443,0.4791738918167159,0.5834240551342229,0.34866161661490275,0.23225484600381796,0.4739684089781746,0.5123810298859124,0.5390477740575399
2025-05-30,0.5072147101187734,0.4130781499202554,0.5095415461522124,0.5073017423115083,0.1058023697866082,AADHARHFC.BO,0.4660017821768272,0.469174276323415,0.5740188919781115,0.4723201210817661,0.24260380299343381,0.41968257843501977,0.4739684089781746,0.5123810298859124
2025-06-02,0.5505036355212929,0.4194577352472093,0.5551126116964302,0.4930160280257936,0.05348576925567241,AADHARHFC.BO,0.4554455793101133,0.46436676887471373,0.5622401188578321,0.45456597182809194,0.24647225872786438,0.5073017423115083,0.41968257843501977,0.4739684089781746
2025-06-03,0.5322623850003425,0.41913883385665907,0.5548276882328871,0.48888888888888893,0.030411336496748716,AADHARHFC.BO,0.4500582580043555,0.4670974237159138,0.55395928006467,0.4491910147344766,0.24907849316816422,0.4930160280257936,0.5073017423115083,0.41968257843501977
2025-06-04,0.5469643280882659,0.40255187306868034,0.5437198453103758,0.48730158730158735,0.049989362784545514,AADHARHFC.BO,0.4531158812181899,0.46748202431180985,0.5494797704181464,0.4469848517174771,0.25163097559030856,0.48888888888888893,0.4930160280257936,0.5073017423115083
2025-06-05,0.5687448860422442,0.4271133155153515,0.5733409336102255,0.5069841657366068,0.07170778181683639,AADHARHFC.BO,0.47313626596540814,0.47505866074579517,0.5463566108786782,0.4786628898228947,0.26219255152100124,0.48730158730158735,0.48888888888888893,0.4930160280257936
2025-06-06,0.5202830116566668,0.47623600571919855,0.5442893445578232,0.5409524584573409,0.06813552737464272,AADHARHFC.BO,0.4808531964941931,0.4788277418907465,0.5492299132979026,0.5321483798131255,0.2843357523631418,0.5069841657366068,0.48730158730158735,0.48888888888888893
2025-06-09,0.6182955224495688,0.5036683394387964,0.6180575764434528,0.5622223384796623,0.05528762105613675,AADHARHFC.BO,0.4967238926069162,0.4816353215459568,0.5536737275140036,0.5647597454811648,0.3104764837412732,0.5409524584573409,0.5069841657366068,0.48730158730158735
2025-06-10,0.6234684714326262,0.47081331925338965,0.6274565739439839,0.5577778165302578,0.038264376427930555,AADHARHFC.BO,0.5125218050943383,0.48713510537244087,0.5508361096324861,0.5565703591993436,0.3296825421586614,0.5622223384796623,0.5409524584573409,0.5069841657366068
2025-06-11,0.6316361806653679,0.48006379585326986,0.5821704318633092,0.5222222222222226,0.018223862511677815,AADHARHFC.BO,0.5205299589932255,0.49298101565073704,0.549586845816699,0.49145388004403484,0.33141767703780695,0.5577778165302578,0.5622223384796623,0.5409524584573409
2025-06-12,0.5472365185937025,0.4236044267718304,0.5670748773299321,0.4869842044890871,0.029515960448058015,AADHARHFC.BO,0.5159434797380253,0.5011345529785673,0.5475344838336196,0.43119445713405596,0.31956563815706096,0.5222222222222226,0.5577778165302578,0.5622223384796623
2025-06-13,0.5006806424360621,0.3668261562998407,0.5115351411979168,0.46476198226686494,0.04707754067578693,AADHARHFC.BO,0.4984711439586347,0.4959808956038958,0.540502908856245,0.3947763251079855,0.30214806334100686,0.4869842044890871,0.5222222222222226,0.5577778165302578
2025-06-16,0.5091205421742404,0.41881973777661496,0.5212190621619901,0.5015873015873016,0.01648305907816966,AADHARHFC.BO,0.48456605007353426,0.49701929843348935,0.5387539307999702,0.4671157553852409,0.3030003102852544,0.46476198226686494,0.4869842044890871,0.5222222222222226
2025-06-17,0.5426081167939882,0.42073373018839755,0.5676445504171981,0.5114286876860117,0.010481819611325396,AADHARHFC.BO,0.47393706358151766,0.4997499767488467,0.5412881538619674,0.4860020294935415,0.30790577965449895,0.5015873015873016,0.46476198226686494,0.4869842044890871
2025-06-18,0.594609298612593,0.4366826935057819,0.5610937445131805,0.4784127371651783,0.005017065793490024,AADHARHFC.BO,0.46389047939525785,0.4986730997751687,0.540966916773594,0.42515164012823264,0.2996497124260801,0.5114286876860117,0.5015873015873016,0.46476198226686494
2025-06-19,0.5366184301221506,0.41244015244966103,0.542580499135842,0.45460321335565457,0.009512445542081749,AADHARHFC.BO,0.456464727802127,0.4923271899428818,0.5415380109822117,0.3834484654074572,0.28467345044099845,0.4784127371651783,0.5114286876860117,0.5015873015873016
2025-06-20,0.48788453140360577,0.3751195393490834,0.5103959688632025,0.4634920634920636,0.017195290025991804,AADHARHFC.BO,0.4561735044320252,0.4829429260133522,0.538932397059368,0.403562470900191,0.27702465699594225,0.45460321335565457,0.4784127371651783,0.5114286876860117
2025-06-23,0.49251293320332046,0.42073373018839755,0.5152379293452394,0.494920712425595,0.020410504019017492,AADHARHFC.BO,0.4546446928251071,0.47478938868552145,0.5364517116966474,0.47323156668611094,0.2837666527135861,0.4634920634920636,0.45460321335565457,0.4784127371651783
2025-06-24,0.5853524950131641,0.4261562219647135,0.47678734279230595,0.43333333333333357,0.029306916039995932,AADHARHFC.BO,0.43673552199056376,0.4597130406315597,0.532007897480546,0.36044458778360905,0.26637044129141435,0.494920712425595,0.4634920634920636,0.45460321335565457
2025-06-25,0.503675402685746,0.40542256965211365,0.513244160459716,0.49015880766369024,0.020588099268344574,AADHARHFC.BO,0.43942918264344266,0.45582858400267146,0.5329180710463901,0.4777055687062122,0.27524508252873,0.43333333333333357,0.494920712425595,0.4634920634920636
2025-06-26,0.5112985647351445,0.4114832535885169,0.5348903470572917,0.5044445219494045,0.0341796856934077,AADHARHFC.BO,0.4508590111860169,0.45794388728010027,0.5376831223508649,0.5049406351164756,0.288440575059623,0.49015880766369024,0.43333333333333357,0.494920712425595
2025-06-27,0.5850803045077275,0.44465717516447434,0.5858730461708128,0.5034921797495038,0.010145128617809474,AADHARHFC.BO,0.4600320141308649,0.4626360192448651,0.5374689606610432,0.5030071870242636,0.29908213114605453,0.5044445219494045,0.49015880766369024,0.43333333333333357
2025-06-30,0.5995098909177439,0.5020734431070579,0.6003987537771045,0.5796826559399801,0.024781937083183027,AADHARHFC.BO,0.47946999657232636,0.4720972079884054,0.5423410873640706,0.6406518900950777,0.3369075451331563,0.5034921797495038,0.5044445219494045,0.49015880766369024
2025-07-01,0.6441599350199176,0.5502392344497609,0.6377101679953245,0.6285714285714286,0.07705228885127323,AADHARHFC.BO,0.5242428570070148,0.48628895589248033,0.5501936027775902,0.7129282170337952,0.3852280473880268,0.5796826559399801,0.5034921797495038,0.5044445219494045
2025-07-02,0.6727469173345142,0.5671450966282898,0.6630589689004038,0.6368255130828371,0.017036194281802964,AADHARHFC.BO,0.5578771122692308,0.5054805350173628,0.558599370130874,0.7245723520811282,0.425783671054612,0.6285714285714286,0.5796826559399801,0.5034921797495038
2025-07-03,0.6732914645178574,0.5374800637958534,0.6750214083737252,0.6326985677083337,0.009327450490699375,AADHARHFC.BO,0.5872888952716506,0.5270566425316332,0.5656666405386721,0.7141841082451277,0.4550900518448863,0.6368255130828371,0.6285714285714286,0.5796826559399801
2025-07-04,0.671657989140297,0.5582137161084533,0.6422672050138183,0.599365234375,0.0420604748822969,AADHARHFC.BO,0.6092749266809396,0.5435175668153156,0.5689504240686847,0.6314013963781859,0.4641536224113836,0.6326985677083337,0.6368255130828371,0.6285714285714286
2025-07-07,0.6575005932357172,0.5205742016173249,0.6123611932504254,0.5746031746031748,0.010263525450694193,AADHARHFC.BO,0.6081100776349784,0.5531710323826466,0.569646435944708,0.573631766098105,0.4605103263010294,0.599365234375,0.6326985677083337,0.6368255130828371
2025-07-08,0.5864415893798514,0.4972887541118425,0.5901453335655833,0.5542858305431544,0.044698504315009574,AADHARHFC.BO,0.5910745769107413,0.5678243291707856,0.5694501274164563,0.5277818981806048,0.4486415467434831,0.5746031746031748,0.599365234375,0.6326985677083337
2025-07-09,0.5750067632195184,0.4516745632725283,0.6015380999516378,0.5374604724702383,0.015770828130347515,AADHARHFC.BO,0.5682877478853423,0.5735548874393022,0.5703067741757408,0.4904348758901104,0.431790140586357,0.5542858305431544,0.5746031746031748,0.599365234375
2025-07-10,0.6242852091214064,0.5180224064244423,0.611221847075893,0.5685715448288691,0.09491171111172776,AADHARHFC.BO,0.5535818563841324,0.5813238241712364,0.574893359220817,0.5571430594805347,0.4294377575205437,0.5374604724702383,0.5542858305431544,0.5746031746031748
2025-07-11,0.5856246855186011,0.5106857275468508,0.6126459428741495,0.5552381727430555,0.03794433498903904,AADHARHFC.BO,0.5434624441381231,0.5875928091895126,0.5799796476136652,0.5254807068684406,0.4215876479030481,0.5685715448288691,0.5374604724702383,0.5542858305431544
2025-07-14,0.6128503829610743,0.5087719298245617,0.6206210184162431,0.6069841657366069,0.0522389026093552,AADHARHFC.BO,0.5508881957312539,0.5909003649245568,0.5859047296042283,0.6302372287441451,0.43424290833152673,0.5552381727430555,0.5685715448288691,0.5374604724702383
2025-07-15,0.6670295873405823,0.6838916249252396,0.6482483378305699,0.7190476190476192,0.31304677599874203,AADHARHFC.BO,0.5886720951935165,0.6018614819075978,0.5975764164332396,0.7967443987615876,0.4857336378750401,0.6069841657366069,0.5552381727430555,0.5685715448288691
2025-07-16,0.747345394795877,0.8197767145135568,0.7667332125494268,0.8888888888888893,0.32332140115251917,AADHARHFC.BO,0.6692632084283971,0.6323987551372605,0.6206521015948812,0.9515963932565008,0.5890136609468752,0.7190476190476192,0.6069841657366069,0.5552381727430555
2025-07-17,0.8840184291915842,0.7901116816811204,0.8649958226291465,0.8765080527653768,0.08735466326275772,AADHARHFC.BO,0.7398805655367671,0.6619360762072555,0.644370271825986,0.9241492408957048,0.6624673171578089,0.8888888888888893,0.7190476190476192,0.6069841657366069
2025-07-18,0.8826571443194604,0.8086124401913879,0.8746795697534013,0.890793767051091,0.048052464596572045,AADHARHFC.BO,0.8168316532520548,0.6972424062156937,0.6683918368766104,0.9354107677391399,0.7218461150426256,0.8765080527653768,0.8888888888888893,0.7190476190476192
2025-07-21,0.9719573986962775,0.9212122769637161,0.9541441848320584,0.9650793650793652,0.3907446975793398,AADHARHFC.BO,0.8989516225283003,0.7445482795109242,0.6948226855363946,0.9893938255256556,0.7923145031964385,0.890793767051091,0.8765080527653768,0.8888888888888893
2025-07-22,1.0,0.9553429027113238,1.0,0.980952380952381,0.27534478452701394,AADHARHFC.BO,0.959012776769955,0.7962385855148759,0.7256081152825811,0.9999999999999998,0.8484776818327718,0.9650793650793652,0.890793767051091,0.8765080527653768
2025-07-23,0.9970049074053766,0.9116428989732857,0.9689548159018933,0.9638094463045634,0.04141669210348623,AADHARHFC.BO,0.9761938891792434,0.8478904173747446,0.7522352724706165,0.9572598252835138,0.8802504849068329,0.980952380952381,0.9650793650793652,0.890793767051091
2025-07-24,0.9185950981780189,0.8762358889055024,0.9575620495158388,0.9342858692956351,0.021463125861383207,AADHARHFC.BO,0.9894437526988371,0.8921964107168163,0.7763996083502165,0.8845889480983353,0.8878486071790346,0.9638094463045634,0.980952380952381,0.9650793650793652
2025-07-25,0.9322079468992555,0.8401914654356064,0.8815152991209616,0.8403174990699402,0.10181942633034566,AADHARHFC.BO,0.977868312471212,0.9267335395334615,0.7953348741152775,0.6858158562352115,0.8519376883578762,0.9342858692956351,0.9638094463045634,0.980952380952381
2025-07-28,0.9787638230568954,1.0,0.9863288889445174,0.9644445994543651,1.0,AADHARHFC.BO,0.9777227452206088,0.9700395807158664,0.8169649869328799,0.8116388481175734,0.8652008425263992,0.8403174990699402,0.9342858692956351,0.9638094463045634
2025-07-29,0.9240402376665133,0.8475277549342106,0.9108516377970877,0.91936519562252,0.07078650646095216,AADHARHFC.BO,0.9635993004596033,0.9943078924014097,0.8333125028293833,0.732030421376739,0.8525590472295633,0.9644445994543651,0.8403174990699402,0.9342858692956351
2025-07-30,0.8851073573858015,0.8838914691736446,0.9259470184906466,0.9082540845114089,0.07055341269621038,AADHARHFC.BO,0.9508591000549123,0.996653970120871,0.8485713680079274,0.7126452135890673,0.8326697603758704,0.91936519562252,0.9644445994543651,0.8403174990699402
2025-07-31,0.8687719389203181,0.8172249193206742,0.9025919864710903,0.904127139136905,0.07827140623988307,AADHARHFC.BO,0.9439429671422368,1.0,0.8638302331864725,0.7050780483770003,0.8099821390283621,0.9082540845114089,0.91936519562252,0.9644445994543651
2025-08-01,0.9068879153397797,0.8146731241277916,0.8849331638047415,0.8526985289558531,0.020948839618540206,AADHARHFC.BO,0.946782239480167,0.9953847928492459,0.8780718385079034,0.6127541308751097,0.7673910307187335,0.904127139136905,0.9082540845114089,0.91936519562252
2025-08-04,0.8431798830278749,0.7891547828199768,0.8800912033227046,0.8625397212921628,0.03132151214955,AADHARHFC.BO,0.9234129637145636,0.9829621982966308,0.8942587304138621,0.6258505689297063,0.7329674077422375,0.8526985289558531,0.904127139136905,0.9082540845114089
2025-08-05,0.8576094694378917,0.7811803011612843,0.8800912033227046,0.8555555555555556,0.027978651571070476,AADHARHFC.BO,0.9087798558386551,0.9677704747587317,0.9111951718951197,0.6127673325387819,0.6989432549288713,0.8625397212921628,0.8526985289558531,0.904127139136905
2025-08-06,0.8252108230123616,0.7655502392344498,0.8632868033673473,0.8307936895461308,0.008839063555049903,AADHARHFC.BO,0.8910162966891626,0.9516557238751759,0.9276854477278822,0.565777812140571,0.6588661792665882,0.8555555555555556,0.8625397212921628,0.8526985289558531
2025-08-07,0.7925399860813944,0.8035088498056226,0.8291085042091839,0.8955556718129958,0.019526227673409738,AADHARHFC.BO,0.8890506500270918,0.9469635919104111,0.9460674724458946,0.6606835694107749,0.6485130566870541,0.8307936895461308,0.8555555555555556,0.8625397212921628
2025-08-08,0.8853797140637081,0.8169058232406305,0.9131301563063352,0.8844445607018847,0.03592048912691586,AADHARHFC.BO,0.8963307899351713,0.9523095495830312,0.9645744257240292,0.6385331294185392,0.6327421999172028,0.8955556718129958,0.8307936895461308,0.8555555555555556
2025-08-11,0.8894635686800787,0.8532695374800641,0.9273711142889032,0.9006349593874008,0.06529215343489561,AADHARHFC.BO,0.9050669578248662,0.9445790635210223,0.9810825547183613,0.6622652234627222,0.6232780781122681,0.8844445607018847,0.8955556718129958,0.8307936895461308
2025-08-12,0.8976312779128208,0.8143540280477475,0.9239534234449422,0.8993652343750003,0.03125676388156617,AADHARHFC.BO,0.9151135864455742,0.9421560844617085,0.9912194469663507,0.6594272979914477,0.612229991348076,0.9006349593874008,0.8844445607018847,0.8955556718129958
2025-08-13,0.9292130204771012,0.8287080950333934,0.8701225327349071,0.8380952380952382,0.03744669830082045,AADHARHFC.BO,0.9167880097375427,0.9336563972079079,0.9883639868159797,0.5304820171405693,0.5772730809201032,0.8993652343750003,0.9006349593874008,0.8844445607018847
2025-08-14,0.8595153014933588,0.7856458940764557,0.880660876409971,0.8663492838541664,0.012701760227913906,AADHARHFC.BO,0.9100902721352204,0.9290796407270805,0.987792892607362,0.5793332161043596,0.5579921818420597,0.8380952380952382,0.8993652343750003,0.9006349593874008
2025-08-18,0.9063435343289061,0.8213716108452953,0.9099972150860975,0.8920634920634924,0.027715958598107503,AADHARHFC.BO,0.9118374790524912,0.9338486740316987,0.987864272575492,0.6220360610927216,0.5502479149072359,0.8663492838541664,0.8380952380952382,0.8993652343750003
2025-08-19,0.8959976363627908,0.8019139534738842,0.8940474116815493,0.873968408978175,0.04066006234333232,AADHARHFC.BO,0.9057221881903734,0.9352332502614193,0.9827422996449369,0.5827263532127118,0.5349876965499962,0.8920634920634924,0.8663492838541664,0.8380952380952382
2025-08-20,0.9117886738174006,0.873365387011563,0.910566888173364,0.9615873790922618,0.02720352230577832,AADHARHFC.BO,0.9199912446364293,0.9480789195540149,0.9816536598196945,0.7169338656571989,0.5541729287077091,0.873968408978175,0.8920634920634924,0.8663492838541664
2025-08-21,0.9771303476793349,0.8928230443829746,0.9863288889445174,0.9682539682539684,0.03640332621102386,AADHARHFC.BO,0.9498398182595542,0.9647321206614881,0.9819035169399384,0.7259483343816671,0.5693733964129131,0.9615873790922618,0.873968408978175,0.8920634920634924
2025-08-22,0.947182080492615,0.9103669040320974,0.9908859259630116,1.0,0.03382634514526737,AADHARHFC.BO,0.9804891894987895,0.9773854661819779,0.9855977597953078,0.7685623165046966,0.5908061971010997,0.9682539682539684,0.9615873790922618,0.873968408978175
2025-08-25,0.9776747286902085,0.9489633173843703,0.9980064049542956,0.9704764229910716,0.0647223686766379,AADHARHFC.BO,0.9984711883930824,0.9878081564152592,0.9929148873233489,0.6975260359722195,0.5936016883052329,1.0,0.9682539682539684,0.9615873790922618
2025-08-26,0.9518103161198597,0.8797449723385169,0.9088578689115647,0.8806349981398811,0.08316452534894692,AADHARHFC.BO,1.0,0.9853851773559446,0.988203373718151,0.5156957380365856,0.5588490664467185,0.9704764229910716,1.0,0.9682539682539684
2025-08-28,0.8704055804703477,0.7856458940764557,0.8812305494972383,0.8425397600446427,0.011817483882306148,AADHARHFC.BO,0.9726994753447022,0.9785008172997398,0.9838844880621718,0.45150806545071603,0.5147325028315811,0.8806349981398811,0.9704764229910716,1.0
2025-08-29,0.8467191904609028,0.8133971291866029,0.8857875865157321,0.8774603949652775,0.03977763594823839,AADHARHFC.BO,0.9518782929813749,0.9832698740785153,0.9821533631674662,0.5122594767212041,0.4915205461651154,0.8425397600446427,0.8806349981398811,0.9704764229910716
2025-09-01,0.8469913809663399,0.8060606449985048,0.8803759529464288,0.8726984902033728,0.025031680402549234,AADHARHFC.BO,0.9226849497237555,0.9840390752703079,0.980386542842338,0.5036806270028891,0.46987621669655955,0.8774603949652775,0.8425397600446427,0.8806349981398811
2025-09-02,0.8684997484148806,0.8596491228070176,0.9085731192878406,0.9104763454861113,0.038427172073147046,AADHARHFC.BO,0.9089254675237064,0.9862697775058318,0.9836346309419279,0.5695487101119083,0.46586733426408444,0.8726984902033728,0.8774603949652775,0.8425397600446427
2025-09-03,0.8957254458573534,0.8762358889055024,0.937055035252977,0.9561907087053569,0.0467334498802157,AADHARHFC.BO,0.9262522360524934,0.996230942329206,0.98889939648689,0.641812643544394,0.47873611275146344,0.9104763454861113,0.8726984902033728,0.8774603949652775
2025-09-04,0.968145734585343,0.8746409925737639,0.942751418446004,0.9063492063492067,0.011928480913135572,AADHARHFC.BO,0.9408852994939547,0.9895388825709492,0.9917548566372609,0.5440574153174362,0.46838039853454266,0.9561907087053569,0.9104763454861113,0.8726984902033728
2025-09-05,0.930302114843788,0.8899521531100478,0.9495871478135647,0.9485715835813493,0.05330262415480386,AADHARHFC.BO,0.9571928306618305,0.9871543776557186,0.998375961396563,0.6105498868037984,0.47492136536637297,0.9063492063492067,0.9561907087053569,0.9104763454861113
2025-09-08,0.9338414222768154,0.8500797448165871,0.9430361680697281,0.9244444831969245,0.04044361813321494,AADHARHFC.BO,0.9690594498251106,0.9780008881682214,1.0,0.5638761627965012,0.46942017811631676,0.9485715835813493,0.9063492063492067,0.9561907087053569
