Date,Open,High,Low,Close,Volume,Stock,MA_5,MA_10,MA_20,RSI,MACD,Close_Lag1,Close_Lag2,Close_Lag3
2020-02-05,0.299128328518824,0.2871726710092968,0.2923597120823478,0.30505649949056873,0.09295688109325455,LICHSGFIN.BO,0.3087749437732942,0.33850697834083887,0.3462577043787778,0.2519751917489125,0.4470345754996923,0.2885863446876297,0.28708259175691025,0.3521755987429565
2020-02-06,0.31132615746523373,0.33572014773343084,0.3171175270894051,0.3523904557009904,0.23468842083068378,LICHSGFIN.BO,0.30802241502757377,0.332542404941806,0.34616261014875394,0.4609833480055314,0.4589820329294567,0.30505649949056873,0.2885863446876297,0.28708259175691025
2020-02-07,0.35600391466455095,0.34120242526369926,0.3613173553163871,0.359694609172072,0.1477794161352076,LICHSGFIN.BO,0.30960271402936035,0.3296493165091955,0.3463726127399037,0.48697887282588115,0.47371698658199546,0.3523904557009904,0.30505649949056873,0.2885863446876297
2020-02-10,0.3616772182099648,0.3378841286651201,0.34930250596707824,0.3412908892121383,0.06986590009984386,LICHSGFIN.BO,0.32099587795227824,0.326096932371853,0.3445063636570246,0.4217179646213848,0.47451861239771403,0.359694609172072,0.3523904557009904,0.30505649949056873
2020-02-11,0.35033058901040115,0.3360808448039595,0.3584775236557983,0.3468765311046737,0.03871919354015436,LICHSGFIN.BO,0.3332469479936374,0.32242821007650413,0.3429967254163315,0.44324347052726054,0.47927784529166323,0.3412908892121383,0.359694609172072,0.3523904557009904
2020-02-12,0.3588405772033162,0.33499874030999444,0.33452073228383417,0.3307643237664803,0.09814370551927158,LICHSGFIN.BO,0.3386500591376266,0.31681266712396206,0.34028254575611894,0.38754436931832703,0.47362203426912874,0.3468765311046737,0.3412908892121383,0.359694609172072
2020-02-13,0.3333104448484395,0.31566637953026444,0.3420936887812054,0.33384359607924147,0.021725223766179313,LICHSGFIN.BO,0.33475199515396326,0.3144159764837515,0.3366609985649729,0.4005502806529704,0.4717772700286563,0.3307643237664803,0.3468765311046737,0.3412908892121383
2020-02-14,0.3357216441055729,0.32064372453037915,0.3242535538506357,0.31572635206335303,0.04560045375769282,LICHSGFIN.BO,0.325511019433256,0.3104680340905356,0.33236190056514525,0.33977394089637114,0.4597889250834205,0.33384359607924147,0.3307643237664803,0.3468765311046737
2020-02-17,0.30210688767391425,0.2772900888705755,0.255295937105276,0.2696098203049165,0.7501565874292138,LICHSGFIN.BO,0.31044553671994135,0.3085754985397008,0.32578051384621276,0.2195751344957175,0.4226189962740269,0.31572635206335303,0.33384359607924147,0.3307643237664803
2020-02-18,0.2751583830907317,0.25052771727411915,0.24539285774421538,0.2464083164536755,0.35376976185830755,LICHSGFIN.BO,0.2893297501651778,0.3040070522507885,0.316679101473189,0.1729023081285184,0.3803601383379247,0.2696098203049165,0.31572635206335303,0.33384359607924147
2020-02-19,0.25189764860399644,0.23689410277907186,0.2555872903047629,0.24984563454138958,0.11184134890827674,LICHSGFIN.BO,0.27232276167728897,0.2980269749061186,0.3079224169033964,0.18874613054185316,0.35112272096333574,0.2464083164536755,0.2696098203049165,0.31572635206335303
2020-02-20,0.25062111148405797,0.2405008545236893,0.25682514784030264,0.24769731073656837,0.12351063053333225,LICHSGFIN.BO,0.25421706944317735,0.28668730281584665,0.2990825184226814,0.18418490915318206,0.32895510570036623,0.24984563454138958,0.2464083164536755,0.2696098203049165
2020-02-24,0.2467915898992975,0.22102420408462842,0.23432473433697,0.22478228282937268,0.1021937505277223,LICHSGFIN.BO,0.23510300873216317,0.2720744879827277,0.290139602779355,0.13787631959391425,0.29969532356150197,0.24769731073656837,0.24984563454138958,0.2464083164536755
2020-02-25,0.23374283855827116,0.21056452614789123,0.23184900277255527,0.22807636294506412,0.07664459734013651,LICHSGFIN.BO,0.22637376412939458,0.2598118359804369,0.2820604690182439,0.15493468191035473,0.2814727585934987,0.22478228282937268,0.24769731073656837,0.24984563454138958
2020-02-26,0.22806942030498784,0.20948243858453786,0.2313392263121904,0.22385133432143284,0.06816764801149468,LICHSGFIN.BO,0.22163287745515003,0.2464865567480934,0.27337905910766647,0.14605059284348423,0.26744034306518144,0.22807636294506412,0.22478228282937268,0.24769731073656837
2020-02-27,0.22877857685489278,0.20320659898794802,0.21510105752973507,0.20738113036339012,0.08424904580653378,LICHSGFIN.BO,0.21270795120368524,0.2331225016791859,0.26368330439717713,0.11265602803329247,0.2492537295626095,0.22385133432143284,0.22807636294506412,0.22478228282937268
2020-02-28,0.19984441039140693,0.17485723943247278,0.19136273605291576,0.1846809102591248,0.10812332172384036,LICHSGFIN.BO,0.19946355478882383,0.2169661817417231,0.2542054724905718,0.0723338397251311,0.22415451194641534,0.20738113036339012,0.22385133432143284,0.22807636294506412
2020-03-02,0.1934618648516805,0.18293645368351702,0.19223654193616363,0.18575504758398365,0.08757447145481528,LICHSGFIN.BO,0.19126105241404912,0.20288854586172544,0.24499708012871613,0.07862282328103423,0.20867524449160996,0.1846809102591248,0.20738113036339012,0.22385133432143284
2020-03-03,0.198567889451079,0.1795460450558421,0.2017027192542199,0.19864474463739323,0.0676801160917495,LICHSGFIN.BO,0.1850752973241942,0.19520207614869378,0.2401036316318632,0.1539413278974137,0.2082398325741217,0.18575504758398365,0.1846809102591248,0.20738113036339012
2020-03-04,0.20707801326513958,0.18062815421719375,0.18794038131069846,0.18503900518918137,0.08249021000604406,LICHSGFIN.BO,0.17691796258407988,0.1885549564506307,0.23437414375619126,0.12501276179284473,0.2031579255749832,0.19864474463739323,0.18575504758398365,0.1846809102591248
2020-03-05,0.19367467436203917,0.17153907260966578,0.19245505094071835,0.18446615161129815,0.05115364267917394,LICHSGFIN.BO,0.17210183439948978,0.1814734813635014,0.22770163107316188,0.12379914097149461,0.20257920893685272,0.18503900518918137,0.19864474463739323,0.18575504758398365
2020-03-06,0.17020115096245209,0.14311756728978514,0.15553690737400794,0.15854351953245632,0.10470582791458936,LICHSGFIN.BO,0.1666084396417548,0.17181692975066398,0.2169756802578786,0.0728935594744615,0.18980804862362216,0.18446615161129815,0.18503900518918137,0.19864474463739323
2020-03-09,0.1489259596406834,0.12450647746144738,0.1393715406249223,0.13283567067899288,0.05935295641359689,LICHSGFIN.BO,0.15548617305009133,0.16185787816279695,0.2044231072619942,0.03191880677064038,0.16776319724862548,0.15854351953245632,0.18446615161129815,0.18503900518918137
2020-03-11,0.1347424954100938,0.12537207259156252,0.13791516134613407,0.13834957069775783,0.052891965884214506,LICHSGFIN.BO,0.1428137071601141,0.15213926284999707,0.1931939455130488,0.06486701022393795,0.15807404757403704,0.13283567067899288,0.15854351953245632,0.18446615161129815
2020-03-12,0.12339578825059055,0.10575115466914425,0.09633672919917668,0.09166018536143805,0.13181775465313916,LICHSGFIN.BO,0.12318792566227632,0.13782118803285365,0.17907229868279795,0.0,0.1257884264091947,0.13834957069775783,0.13283567067899288,0.15854351953245632
2020-03-13,0.07758335271980188,0.10798737704564954,0.045583401592208084,0.1269637003077232,0.1231943549337324,LICHSGFIN.BO,0.11110241690391082,0.1291109015333552,0.1677955898188408,0.170772425280415,0.12703591137537196,0.09166018536143805,0.13834957069775783,0.13283567067899288
2020-03-16,0.11630407144403809,0.08829427267717427,0.09830278865320718,0.09158856637542678,0.055182698055072026,LICHSGFIN.BO,0.09703023990186849,0.1190277518284274,0.15439111933962235,0.11429917620488192,0.11069203001753314,0.1269637003077232,0.09166018536143805,0.13834957069775783
2020-03-17,0.10212062873567446,0.09312735983407316,0.08956474393125574,0.08471402851020576,0.08043274897878282,LICHSGFIN.BO,0.08691633145599237,0.10808365396650033,0.14160873098141247,0.1043496755130888,0.09843396272453997,0.09158856637542678,0.1269637003077232,0.09166018536143805
2020-03-18,0.0993548605806121,0.07292934920147681,0.05585055534347155,0.05055629445234272,0.1036019640571624,LICHSGFIN.BO,0.06846448488360812,0.09204368815951536,0.1294880475667089,0.05918308991934115,0.07259003973233741,0.08471402851020576,0.09158856637542678,0.1269637003077232
2020-03-19,0.04496145196757162,0.04155027403674244,0.03378703261432098,0.045973293786413905,0.10046592213895804,LICHSGFIN.BO,0.058862297224555826,0.07698100600545765,0.11839756433657894,0.0535937825507328,0.05474481624844019,0.05055629445234272,0.08471402851020576,0.09158856637542678
2020-03-20,0.055315354953611784,0.0363564864417919,0.04660280743923473,0.045973293786413905,0.14583644401277887,LICHSGFIN.BO,0.04184023563992201,0.06198037157889097,0.10711688720669477,0.0535937825507328,0.04621307006679398,0.045973293786413905,0.05055629445234272,0.08471402851020576
2020-03-23,0.04950014998717983,0.02034233353628273,0.00582536239545145,0.0,0.05782166731146182,LICHSGFIN.BO,0.022590718514944375,0.04480798150362253,0.09341128409244964,0.0008654461157519833,0.016553283675316277,0.045973293786413905,0.045973293786413905,0.05055629445234272
2020-03-24,0.005106011361592611,0.0,0.0018932137023572326,0.0012889205502372714,0.0927861018102127,LICHSGFIN.BO,0.005056946474601864,0.030559703724710063,0.08104493537046575,0.007064888419837129,0.0,0.0,0.045973293786413905,0.045973293786413905
2020-03-25,0.0,0.01731262816257112,0.0,0.02649551023427682,0.09238634471750579,LICHSGFIN.BO,0.0,0.01844440842001399,0.06989105100058896,0.1240589695877233,0.008742673914261978,0.0012889205502372714,0.0,0.045973293786413905
2020-03-26,0.03404022532540635,0.0624696663908047,0.031238446535249154,0.052991045046105634,0.18317032180445963,LICHSGFIN.BO,0.0014749474568532261,0.01425602176549523,0.060436998771159434,0.23130781999050512,0.038004156952650525,0.02649551023427682,0.0012889205502372714,0.0
2020-03-27,0.08219291947555202,0.06441729643531457,0.06109334500014729,0.0658091231135039,0.10548578357876097,LICHSGFIN.BO,0.005643919102886086,0.007632160647966124,0.05260352759747544,0.2790309914075296,0.07452257632139209,0.052991045046105634,0.02649551023427682,0.0012889205502372714
2020-03-30,0.06659117167930867,0.03772706246464663,0.051772810078205056,0.052919426060094255,0.046986723580373355,LICHSGFIN.BO,0.016766196025664537,0.0034437739934473077,0.04531289289980461,0.2519082711535723,0.1003611823120879,0.0658091231135039,0.052991045046105634,0.02649551023427682
2020-03-31,0.06666213131857068,0.04573418226138881,0.06538959130652106,0.06244352232200845,0.038896174305541306,LICHSGFIN.BO,0.029619291129823033,0.0010315794075997364,0.03848981185937189,0.28858097005018324,0.1314436297531958,0.052919426060094255,0.0658091231135039,0.052991045046105634
2020-04-01,0.06808043626714227,0.05799723223087688,0.06313224821889774,0.059149442206316905,0.10687873192089008,LICHSGFIN.BO,0.03648229213059295,0.0019623325890658627,0.030771249046813887,0.28083135472202125,0.15832779805873054,0.06244352232200845,0.052919426060094255,0.0658091231135039
2020-04-03,0.06382543752033815,0.03686147550501001,0.04383580249442165,0.03902721066783721,0.10486754349266532,LICHSGFIN.BO,0.03354745998251657,0.0012099786034901472,0.022692115285702752,0.2349360528317961,0.17117604156429905,0.059149442206316905,0.06244352232200845,0.052919426060094255
2020-04-07,0.049641988497341694,0.02878222849453005,0.041141544287201404,0.0348022066217577,0.14530979505054922,LICHSGFIN.BO,0.02703061848557664,0.0,0.01441090050610272,0.22563894104253793,0.18274380994033146,0.03902721066783721,0.059149442206316905,0.06244352232200845
2020-04-08,0.03687690528938725,0.03563512827660997,0.0342239383216828,0.045973293786413905,0.14115671002774924,LICHSGFIN.BO,0.025570723463238465,0.004979524462894236,0.008182157723355787,0.27543734814224685,0.20272837297681695,0.0348022066217577,0.03902721066783721,0.059149442206316905
2020-04-09,0.058152042654667335,0.06953896562159367,0.062185617924681136,0.09166018536143805,0.21012864259569244,LICHSGFIN.BO,0.03171130058731819,0.014767944800160804,0.005903833190397889,0.4447359125048814,0.250493392212982,0.045973293786413905,0.0348022066217577,0.03902721066783721
2020-04-13,0.09715644581364197,0.07357854350354825,0.07805970107085819,0.07490353003690192,0.10622328294072385,LICHSGFIN.BO,0.03502239710825483,0.020011182753206458,0.0023932328940839964,0.3972679787366621,0.2807389835492969,0.09166018536143805,0.045973293786413905,0.0348022066217577
2020-04-15,0.08226386573726358,0.08072002173227988,0.08738026627723233,0.08127680873269905,0.1228418245142689,LICHSGFIN.BO,0.043902155725059455,0.02307491042265314,0.0018186992480139774,0.4187685611321452,0.3112638206213222,0.07490353003690192,0.09166018536143805,0.045973293786413905
2020-04-16,0.08084552305864551,0.07877234543832168,0.08286561053513719,0.09409488680009731,0.12042086121416437,LICHSGFIN.BO,0.056363923690727624,0.02613863809209982,0.0,0.4615430473685149,0.3456579770401358,0.08127680873269905,0.07490353003690192,0.09166018536143805
2020-04-17,0.10935421795043421,0.10344281022680091,0.11388563342777469,0.12316838560015986,0.16635047057325072,LICHSGFIN.BO,0.07258830955721068,0.033747542821610355,0.0017473765356060822,0.548378382423396,0.39277667163027424,0.09409488680009731,0.08127680873269905,0.07490353003690192
2020-04-20,0.13048749903656798,0.11772568198567573,0.13158011516248785,0.12531666024987748,0.09387231529481131,LICHSGFIN.BO,0.07966201881340462,0.040557547121612636,0.003994003898507237,0.5544027786914345,0.43262317175467363,0.12316838560015986,0.09409488680009731,0.08127680873269905
2020-04-21,0.12339576660808305,0.09550783780454697,0.10667671379529892,0.10104099449622589,0.04654832648228546,LICHSGFIN.BO,0.0851554290678121,0.045094964222622325,0.006787426483861936,0.47155074127133534,0.44992439558637176,0.12531666024987748,0.12316838560015986,0.09409488680009731
2020-04-22,0.10495734904759929,0.08216274461127931,0.09640956103715764,0.1023299887791187,0.07146874476749927,LICHSGFIN.BO,0.08958025594169933,0.051951504318242914,0.0099057586615659,0.4757389915380167,0.46522526980268514,0.10104099449622589,0.12531666024987748,0.12316838560015986
2020-04-23,0.11176537891463728,0.1157059049477116,0.11228365821642267,0.13641615300607418,0.10723841789690561,LICHSGFIN.BO,0.09847507732413402,0.06295765789389679,0.01491014861354456,0.5773529252190925,0.49913214251072024,0.1023299887791187,0.10104099449622589,0.12531666024987748
2020-04-24,0.13332418218788022,0.10560687206078517,0.10674953183258212,0.09896436341007142,0.08744185514005094,LICHSGFIN.BO,0.093388025980502,0.06869730162557808,0.02038605096920182,0.45770936879610413,0.5028473160081447,0.13641615300607418,0.1023299887791187,0.10104099449622589
2020-04-27,0.10907050898165027,0.08627447017272843,0.09553574822584504,0.08994152631758101,0.06651805370769932,LICHSGFIN.BO,0.08595309962040543,0.06851114779479056,0.025291382505009508,0.4321220038291552,0.5005032065059435,0.09896436341007142,0.13641615300607418,0.1023299887791187
2020-04-28,0.09786563213287786,0.10120661273404619,0.0888366048017612,0.12195101030327837,0.15524218458187458,LICHSGFIN.BO,0.09034783712193489,0.07360702106400557,0.030573132214472054,0.5237260632602715,0.5188952471007191,0.08994152631758101,0.09896436341007142,0.13641615300607418
2020-04-29,0.13119666877188013,0.11296473419980368,0.12975969179788038,0.13305047848192325,0.10045399621137133,LICHSGFIN.BO,0.09680447921192936,0.07921480405749332,0.03500298580052735,0.5524736697805701,0.5403512436334877,0.12195101030327837,0.08994152631758101,0.09896436341007142
2020-04-30,0.1432526118256478,0.12652629402868576,0.13922591949226454,0.1308306340012979,0.07445308888680052,LICHSGFIN.BO,0.09563054945203331,0.08319377830069052,0.03860076011413077,0.5450497778894818,0.5556998682219032,0.13305047848192325,0.12195101030327837,0.08994152631758101
2020-05-04,0.12616155910459598,0.09832116012606301,0.10056010827064782,0.09688765859126142,0.14289551026989328,LICHSGFIN.BO,0.09519408050667016,0.08034722300161967,0.041033613110859124,0.4399589334106957,0.5464073500731179,0.1308306340012979,0.13305047848192325,0.12195101030327837
2020-05-05,0.10836134375993312,0.08576951675415068,0.09837560772688331,0.09309236846124985,0.09895466859516866,LICHSGFIN.BO,0.09585630497641495,0.07685689990216121,0.042729476985379544,0.4291510308377072,0.5366188251070468,0.09688765859126142,0.1308306340012979,0.13305047848192325
2020-05-06,0.09474529210763116,0.08230702882524327,0.09058421419385199,0.10161389722921282,0.11575353019382495,LICHSGFIN.BO,0.09158197661989137,0.0769189529538094,0.045079122870818666,0.4568082022618668,0.5341946812762931,0.09309236846124985,0.09688765859126142,0.1308306340012979
2020-05-07,0.10573740269042065,0.08649087572575226,0.10398249466407322,0.09774698811318999,0.09871758115474463,LICHSGFIN.BO,0.08416210785986733,0.07642255249933083,0.04832820927482373,0.44442394242875116,0.5298821040547481,0.10161389722921282,0.09309236846124985,0.09688765859126142
2020-05-08,0.10914150668594569,0.09536362285232369,0.10922536713506564,0.10275970269518658,0.1219621680954723,LICHSGFIN.BO,0.07826233352912693,0.07277710741906607,0.052088437704638446,0.4621530950328151,0.5296481116371947,0.09774698811318999,0.10161389722921282,0.09309236846124985
2020-05-11,0.11346740088809859,0.09218963884975828,0.11556041158449715,0.10963416682775201,0.052416836929159515,LICHSGFIN.BO,0.08094131561490642,0.07393279026788369,0.055610925119686905,0.4868398734314947,0.5337673006268563,0.10275970269518658,0.09774698811318999,0.10161389722921282
2020-05-12,0.10921238066819172,0.0846153848128004,0.106458308433651,0.10354736407600018,0.10879594403973146,LICHSGFIN.BO,0.08313868178289241,0.07540648502360381,0.056268667236972825,0.4636621332631333,0.5332088991583175,0.10963416682775201,0.10275970269518658,0.09774698811318999
2020-05-13,0.12268665100948828,0.11137777554054057,0.12488098867740749,0.11851379052577155,0.09918364640483372,LICHSGFIN.BO,0.08669059659384071,0.07503418801034312,0.05868171290223223,0.5192689723870558,0.5420536525800351,0.10354736407600018,0.10963416682775201,0.10275970269518658
2020-05-14,0.12339578919987221,0.09752765486586623,0.10441943022196948,0.09946559800194338,0.1500763497884102,LICHSGFIN.BO,0.08705180336662838,0.07139649490289685,0.05968813612948326,0.4459373486901471,0.5370618484583926,0.11851379052577155,0.10354736407600018,0.10963416682775201
2020-05-15,0.10495732643508832,0.07747389331306298,0.09393376936409575,0.08915384035921564,0.11493493452427236,LICHSGFIN.BO,0.08419220756334006,0.06688233904449992,0.0594147378382931,0.4093032200106045,0.5267064683463389,0.09946559800194338,0.11851379052577155,0.10354736407600018
2020-05-18,0.09715643106709831,0.06881758230914331,0.04856885339491046,0.041032222767980464,0.40677669368445807,LICHSGFIN.BO,0.06977387622302517,0.060832446027049014,0.05486997453118525,0.27141610271459904,0.4888093656223117,0.08915384035921564,0.09946559800194338,0.11851379052577155
2020-05-19,0.056591865839274724,0.038592713235249654,0.0557049286921909,0.05700116755659934,0.17377793827426102,LICHSGFIN.BO,0.05999108517757901,0.05692328479455433,0.05108993740997497,0.33510142830674516,0.4695280977815278,0.041032222767980464,0.08915384035921564,0.09946559800194338
2020-05-20,0.05786840132301069,0.06470588277212408,0.06138465116703634,0.0819929248601568,0.17956964574747658,LICHSGFIN.BO,0.05231535602414317,0.054798070265627996,0.05003596842763863,0.42447672754932353,0.47064943110461,0.05700116755659934,0.041032222767980464,0.08915384035921564
2020-05-21,0.08368221029989192,0.06405664570570796,0.0838850672668689,0.07977300664687598,0.05851194000018127,LICHSGFIN.BO,0.048176489247140575,0.052851246946356345,0.048787844079254294,0.41777633950854964,0.47086061640874793,0.0819929248601568,0.05700116755659934,0.041032222767980464
2020-05-22,0.08510053913031818,0.06766342248292934,0.07004984714689666,0.07067857514592618,0.13224422582364034,LICHSGFIN.BO,0.04429347253243476,0.049376430454613374,0.04515044830307979,0.38973936820880384,0.4660913201344784,0.07977300664687598,0.0819929248601568,0.05700116755659934
2020-05-26,0.07375380502043921,0.05020657243458848,0.06830222834591138,0.06881672728515004,0.07871923170312263,LICHSGFIN.BO,0.05013304745622976,0.04495535417368879,0.04348231741246916,0.3838722205495333,0.4619614334275568,0.07067857514592618,0.07977300664687598,0.0819929248601568
2020-05-27,0.07786698920236773,0.06145974244141339,0.07106928322943157,0.08156323552164063,0.1601213200761542,LICHSGFIN.BO,0.05529535064132235,0.04257417812742964,0.04301872930130468,0.4347434239994543,0.4674426988475172,0.06881672728515004,0.07067857514592618,0.07977300664687598
2020-05-28,0.08935560777367352,0.06326317616121013,0.08111804039666015,0.07597771651686436,0.09890839599613219,LICHSGFIN.BO,0.05403111143989314,0.037966950677796096,0.04047493212959741,0.41487234457695965,0.46901828712688726,0.08156323552164063,0.06881672728515004,0.07067857514592618
2020-05-29,0.0765904908904591,0.04861957699173708,0.07398195941353358,0.06802904132678472,0.15579697873320889,LICHSGFIN.BO,0.05156283760953767,0.03456194985883426,0.03687716189577395,0.38656410423732723,0.46604979795212853,0.07597771651686436,0.08156323552164063,0.06881672728515004
2020-06-01,0.08084553346258117,0.06766344491746579,0.08373943258478012,0.08457083969328688,0.1811204933708539,LICHSGFIN.BO,0.05448262765421391,0.03406554940435569,0.034317512059258315,0.4562919293137889,0.474749023624045,0.06802904132678472,0.07597771651686436,0.08156323552164063
2020-06-02,0.09077387150636423,0.07163087608648766,0.09407937889007245,0.0886525320346882,0.20660286136395403,LICHSGFIN.BO,0.05865159413468929,0.03922346773898322,0.03386184552075472,0.4728218901881718,0.4847601481961686,0.08457083969328688,0.06802904132678472,0.07597771651686436
2020-06-03,0.09985132632781346,0.07877237132318704,0.09844846549779068,0.09137375857249641,0.1340607831136498,LICHSGFIN.BO,0.060713509054269255,0.0429464804648475,0.03376675129073092,0.4842355892948029,0.49484098442689584,0.0886525320346882,0.08457083969328688,0.06802904132678472
2020-06-04,0.09566717268456959,0.07271293920925187,0.08221024047134923,0.07669375891166669,0.14023078100991618,LICHSGFIN.BO,0.060864002406075424,0.0423725097026908,0.03238786863626553,0.421855737946642,0.49406571466611987,0.09137375857249641,0.0886525320346882,0.08457083969328688
2020-06-05,0.08226387634129334,0.0785559587332742,0.0873802771653282,0.10082621127084745,0.20787416524469857,LICHSGFIN.BO,0.06775710827587555,0.04465285419865911,0.03255824840491761,0.5218756457464216,0.5088732995933148,0.07669375891166669,0.09137375857249641,0.0886525320346882
2020-06-08,0.10857408225507376,0.08973698225771759,0.10398248969317236,0.09925076562146123,0.2540241657455875,LICHSGFIN.BO,0.07084244410687301,0.04774760573185133,0.03236409167894294,0.5148459799156276,0.5197715672271448,0.10082621127084745,0.07669375891166669,0.09137375857249641
2020-06-09,0.10779405825015159,0.08584167914145618,0.09582705890971144,0.08872422475335501,0.16100670094019243,LICHSGFIN.BO,0.07085751203806057,0.049903854772837486,0.031207101454215347,0.4678100634592769,0.5219294607645518,0.09925076562146123,0.10082621127084745,0.07669375891166669
2020-06-10,0.09630543671862107,0.0854088400506976,0.099904768853804,0.1070562274170701,0.1313683857016715,LICHSGFIN.BO,0.07415355612448205,0.05266508779141166,0.03140125410041006,0.5421620996930956,0.5351189331022125,0.08872422475335501,0.09925076562146123,0.10082621127084745
2020-06-11,0.11190717884257445,0.10192793517470161,0.11439527736422,0.1148616154800236,0.23313805024440995,LICHSGFIN.BO,0.08217543961619045,0.05687673568854318,0.031199171721994545,0.5713411465322038,0.5502702878114223,0.1070562274170701,0.08872422475335501,0.09925076562146123
2020-06-12,0.10353898363303105,0.10690529637402907,0.10660392291892923,0.12782298067454817,0.40689309073770447,LICHSGFIN.BO,0.08784945325699173,0.06335322147392736,0.03276824419643426,0.6174237101219539,0.5699848690001947,0.1148616154800236,0.1070562274170701,0.08872422475335501
2020-06-15,0.13169309137256774,0.10603966337845239,0.12051193371429764,0.11285657880232852,0.12260521411094832,LICHSGFIN.BO,0.09070903872916503,0.06641694648129548,0.034079765604785595,0.5435346629592518,0.5757233786244118,0.12782298067454817,0.1148616154800236,0.1070562274170701
2020-06-16,0.12339580351484009,0.12479500066967386,0.12808493022815354,0.13219117353754656,0.5241235278038691,LICHSGFIN.BO,0.09984465257382402,0.07113276544027408,0.03912377837926195,0.6116768926116098,0.5917271559667554,0.11285657880232852,0.12782298067454817,0.1148616154800236
2020-06-17,0.13601895532504,0.12609338889956145,0.13842480385224265,0.1442931108999353,0.16588679050867897,LICHSGFIN.BO,0.1076708699135085,0.07686464122666536,0.043953821656588066,0.6499994941777326,0.6111039516845359,0.13219117353754656,0.11285657880232852,0.12782298067454817
2020-06-18,0.1477204389221181,0.12025052680631287,0.14031822948600137,0.13211965286174254,0.10243942463600876,LICHSGFIN.BO,0.11129805722814734,0.08286800909681236,0.04672743691047393,0.5893973980696777,0.6178419828657227,0.1442931108999353,0.13219117353754656,0.11285657880232852
2020-06-22,0.1307712032196583,0.10301002044349461,0.11657982963128033,0.11013545057472757,0.4044454133598057,LICHSGFIN.BO,0.10758060179643525,0.08387632459972083,0.048407453559892566,0.49221774653405337,0.6085144072821533,0.13211965286174254,0.1442931108999353,0.13219117353754656
2020-06-23,0.11630405118120174,0.09738334681652744,0.12094879884423881,0.11643703655185794,0.1411972581815441,LICHSGFIN.BO,0.10833312021104075,0.08573782830057441,0.05093936361286516,0.5161837003558767,0.6042548152702755,0.11013545057472757,0.13211965286174254,0.1442931108999353
2020-06-24,0.12481412271973974,0.1017836766647841,0.1211673033795419,0.11285657880232852,0.15848746799677332,LICHSGFIN.BO,0.10426949494438364,0.08835168598700366,0.053376179435813964,0.5003438413328584,0.5978835191866417,0.11643703655185794,0.11013545057472757,0.13211965286174254
2020-06-25,0.11332552953411762,0.09067473087788036,0.11483221389508858,0.10992059361669365,0.12821373933643185,LICHSGFIN.BO,0.09704529233638359,0.08866193527277333,0.05494525055032701,0.48689132139524194,0.5903301967359063,0.11285657880232852,0.11643703655185794,0.11013545057472757
2020-06-26,0.11630406550295613,0.09983599704872986,0.12233235191419489,0.1135726703522344,0.1708164919359263,LICHSGFIN.BO,0.0931472025249328,0.08852232522383979,0.05702545689101651,0.5033083278408242,0.5860241425508489,0.10992059361669365,0.11285657880232852,0.11643703655185794
2020-06-29,0.11630407174034946,0.0898812697420936,0.10740489855242968,0.10433507461191738,0.14980968604757108,LICHSGFIN.BO,0.09192811546149143,0.08597826989979873,0.05903434459907808,0.4580757251422525,0.5763144735800018,0.1135726703522344,0.10992059361669365,0.11285657880232852
2020-06-30,0.109212356724594,0.0931994958684837,0.11388561465769892,0.10505116616182325,0.11854705947173864,LICHSGFIN.BO,0.08953510380371149,0.08513283899882934,0.06016756330618972,0.46171096785064136,0.5686571917762063,0.10433507461191738,0.1135726703522344,0.10992059361669365
2020-07-01,0.11481484012051407,0.1003409741094703,0.11650701878554226,0.12195101030327837,0.1688301094370819,LICHSGFIN.BO,0.09144651504037038,0.08402369194562997,0.062010036791672885,0.5432889216815501,0.572735681035446,0.10505116616182325,0.10433507461191738,0.1135726703522344
2020-07-02,0.13048747969982005,0.10820372538826356,0.13223542076795985,0.12968480395777232,0.2341088207499691,LICHSGFIN.BO,0.09560043425188813,0.08244141632887908,0.06412986595486009,0.5770895416557267,0.580275702580728,0.12195101030327837,0.10505116616182325,0.10433507461191738
2020-07-06,0.12417588851982209,0.10048527895626802,0.12968688042400484,0.12152139469741774,0.11430810777031426,LICHSGFIN.BO,0.09727104786076524,0.0812934827908014,0.06661027150630694,0.5304884323855915,0.5805790891431393,0.12968480395777232,0.12195101030327837,0.10505116616182325
2020-07-07,0.1289272848201624,0.1041641274200063,0.12546345056148822,0.12409926037544416,0.10920190261478348,LICHSGFIN.BO,0.10142496190672545,0.08280595072100694,0.06789801731726236,0.5428269324091858,0.5818732519109557,0.12152139469741774,0.12968480395777232,0.12195101030327837
2020-07-08,0.1280053966532565,0.12053899286139619,0.133182091910778,0.12918354478834854,0.3223931234147461,LICHSGFIN.BO,0.10649695565028489,0.08418656856133333,0.0695542597292117,0.5675524081055306,0.5854839152079652,0.12409926037544416,0.12152139469741774,0.12968480395777232
2020-07-09,0.13474253540007636,0.11217122503239013,0.13893461171976668,0.13090220383220558,0.16101147131122712,LICHSGFIN.BO,0.10837826201791362,0.08614115183965926,0.07188805430976913,0.5760880005099493,0.5887802959662248,0.12918354478834854,0.12409926037544416,0.12152139469741774
2020-07-10,0.13346603798647377,0.11022359522838598,0.12626450336865974,0.12044723279500713,0.17128160311180843,LICHSGFIN.BO,0.10643676657445444,0.08728132808076128,0.07262900625819746,0.5076702468491467,0.5842402733908797,0.13090220383220558,0.12918354478834854,0.12409926037544416
2020-07-13,0.12623245426611363,0.1048854968551437,0.12742952610427366,0.11922983292057382,0.24319065312580948,LICHSGFIN.BO,0.10595514032554598,0.08789407467948201,0.07287070873925744,0.49988292837060777,0.5793434102812414,0.12044723279500713,0.13090220383220558,0.12918354478834854
2020-07-14,0.11935351132336508,0.09341591094348622,0.11104575461196298,0.10304608032902457,0.15775712419136248,LICHSGFIN.BO,0.10153031345165875,0.08775445930639142,0.07149975173723289,0.40371056839075836,0.5649375463839807,0.11922983292057382,0.12044723279500713,0.13090220383220558
2020-07-15,0.11318371241865777,0.0864187705948749,0.10645829897042586,0.09796182049367208,0.06756753533533084,LICHSGFIN.BO,0.09496832498228847,0.08698658806478582,0.07067559403744195,0.376531123444207,0.5501319827306067,0.10304608032902457,0.11922983292057382,0.12044723279500713
2020-07-16,0.10282986075611883,0.08273984856217337,0.10048733610036575,0.10576730686683278,0.1179073527159869,LICHSGFIN.BO,0.0896856281488625,0.08523367587327735,0.06921350699154066,0.42866451733390964,0.5431788767909914,0.09796182049367208,0.10304608032902457,0.11922983292057382
2020-07-17,0.11204902619895035,0.08778929423800719,0.11155545052974053,0.1064117056980719,0.08763648627826623,LICHSGFIN.BO,0.08673572806959862,0.0827128871160061,0.06711745070589609,0.4329764250325313,0.5380144303438756,0.10576730686683278,0.09796182049367208,0.10304608032902457
2020-07-20,0.1133255450444956,0.09175678412176369,0.11832743084931441,0.10898969426385746,0.07899209692630683,LICHSGFIN.BO,0.08458351920515794,0.08135553584244964,0.0658376223878217,0.45100570830905606,0.5355098219378043,0.1064117056980719,0.10576730686683278,0.09796182049367208
2020-07-21,0.11914075730470824,0.09608493337049623,0.12124010619213937,0.11214048725242265,0.06808512059259457,LICHSGFIN.BO,0.08649492527625935,0.08006024028261993,0.06594856520287395,0.47346039567375353,0.5354730466285549,0.10898969426385746,0.1064117056980719,0.10576730686683278
2020-07-22,0.11630406730805815,0.09658988724481093,0.11694388716122978,0.11321462457728143,0.15825849018710827,LICHSGFIN.BO,0.08970066508670521,0.07833059199580272,0.06577026250163431,0.48136383511947933,0.5360818062269728,0.11214048725242265,0.10898969426385746,0.1064117056980719
2020-07-23,0.1191407667748342,0.09594066268168056,0.12240516810227448,0.11772603083475075,0.07385011398801587,LICHSGFIN.BO,0.09221407555837602,0.07690343569777947,0.06603969932653064,0.5150269465411361,0.5393218949736838,0.11321462457728143,0.11214048725242265,0.10898969426385746
2020-07-24,0.11914072495134836,0.09954741014364998,0.12051190459801969,0.11586415839642289,0.08521552297816172,LICHSGFIN.BO,0.09420073347093794,0.07640702725706516,0.06636856902524696,0.4991406726396027,0.5406326157577451,0.11772603083475075,0.11321462457728143,0.11214048725242265
2020-07-27,0.1217646838007645,0.0938487250273391,0.11359431887272425,0.10762908099495333,0.03937702770583793,LICHSGFIN.BO,0.09391476820849592,0.0751505101958781,0.06603969796660403,0.43171933527331485,0.5364628056805084,0.11586415839642289,0.11772603083475075,0.11321462457728143
2020-07-28,0.11346740678982864,0.08829429306759529,0.1128661841110643,0.11006385616626813,0.03605303316886684,LICHSGFIN.BO,0.09347831475980523,0.0759106294646652,0.06635668326643901,0.45275748182523856,0.534666302527466,0.10762908099495333,0.11586415839642289,0.11772603083475075
2020-07-29,0.11417654426532825,0.10019666784206877,0.1194196688329503,0.1172963660737864,0.10465669309293207,LICHSGFIN.BO,0.09433618988490144,0.078004820129846,0.06703423543504705,0.5128233842931003,0.5377262489291246,0.11006385616626813,0.10762908099495333,0.11586415839642289
2020-07-30,0.12133917570311109,0.0972391381678605,0.1125020860559176,0.103690577470471,0.10242606759711163,LICHSGFIN.BO,0.09138630530230996,0.07777988247625872,0.06602384802164896,0.404378089804065,0.5316280090758267,0.1172963660737864,0.11006385616626813,0.10762908099495333
2020-07-31,0.10495729168859058,0.08353328339752703,0.10893399242961044,0.10139901569362703,0.0975779395145575,LICHSGFIN.BO,0.08834611127818537,0.07723694090200467,0.06445873701350302,0.3879319635493256,0.5254434728933994,0.103690577470471,0.1172963660737864,0.11006385616626813
2020-08-03,0.10353897169309006,0.07675252240866082,0.10339995055139906,0.09481095377245141,0.04227359699810091,LICHSGFIN.BO,0.08565207675789077,0.07570119309463635,0.06298079322301348,0.3418825005663386,0.51659622602492,0.10139901569362703,0.103690577470471,0.1172963660737864
2020-08-04,0.10183697658543006,0.07732963385004671,0.10412815271187559,0.09531226209697885,0.08673106985588232,LICHSGFIN.BO,0.08255167816126324,0.07387847055450397,0.06138794923095775,0.3468534706106008,0.5101619278725558,0.09481095377245141,0.10139901569362703,0.103690577470471
2020-08-05,0.10041861475721708,0.07660825558871198,0.10296308055690401,0.09380846001115573,0.06468623123037887,LICHSGFIN.BO,0.07761513566610978,0.07177652259234751,0.05943057282405517,0.33572758510631495,0.5044474574619391,0.09531226209697885,0.09481095377245141,0.10139901569362703
2020-08-06,0.10212066052544605,0.07783459149707656,0.10128829699731762,0.0956703078719317,0.13141704348622532,LICHSGFIN.BO,0.07592948511939002,0.0693875919111912,0.05748111934974015,0.3563787609636452,0.5014501495189637,0.09380846001115573,0.09531226209697885,0.09481095377245141
2020-08-07,0.09985129273123416,0.08129709005775343,0.10543883404881843,0.09738894233823692,0.07832042868462266,LICHSGFIN.BO,0.07508667275992387,0.06738647816140414,0.05620525657773945,0.37593714383849286,0.5005269793361475,0.0956703078719317,0.09380846001115573,0.09531226209697885
2020-08-10,0.1021206620581927,0.08194634355143526,0.1077689963746486,0.10225839437065926,0.12443274325433759,LICHSGFIN.BO,0.07665192965831025,0.06680476075058606,0.05526619187674919,0.4302986691945827,0.5031941555049543,0.09738894233823692,0.0956703078719317,0.09380846001115573
2020-08-11,0.1097797112669468,0.09247816521439439,0.11563322001859694,0.1078439379529873,0.09287101441463015,LICHSGFIN.BO,0.07928575960610185,0.06656431382720457,0.0555316672353518,0.48815044847143985,0.5090881541150266,0.10225839437065926,0.09738894233823692,0.0956703078719317
2020-08-12,0.11424744041865537,0.0879335758060753,0.11468656831980817,0.10834517254485926,0.060419134339849814,LICHSGFIN.BO,0.08234099573362663,0.0655947794850173,0.05610619952149515,0.4932754574850321,0.5142887811421727,0.1078439379529873,0.10225839437065926,0.09738894233823692
2020-08-13,0.11616224453555363,0.09117972170257999,0.11818180338188161,0.11350110052132673,0.17379606568419284,LICHSGFIN.BO,0.08608856119992642,0.06665739074259835,0.056534126276455765,0.5453928655539557,0.5217747061508227,0.10834517254485926,0.1078439379529873,0.10225839437065926
2020-08-14,0.11914073552449223,0.0929830798122121,0.11104572183620631,0.10404859866787203,0.06506070535660192,LICHSGFIN.BO,0.08748824648420411,0.06694437612367671,0.056403370690227994,0.4426466952930157,0.5219026253758788,0.11350110052132673,0.10834517254485926,0.1078439379529873
2020-08-17,0.1081486262071818,0.0867794618032185,0.11352155712748452,0.1078439379529873,0.15922115106190846,LICHSGFIN.BO,0.08866218140965765,0.06835602315190575,0.05633997363026105,0.48201631788653865,0.5244833204985005,0.10404859866787203,0.11350110052132673,0.10834517254485926
2020-08-18,0.11204905856004826,0.08721224973663683,0.11475939924329331,0.10963416682775201,0.041499842816274404,LICHSGFIN.BO,0.08903844061696037,0.06990727756698972,0.056201293751519055,0.5004600256610312,0.527712312028963,0.1078439379529873,0.10404859866787203,0.11350110052132673
2020-08-19,0.11609133422396323,0.10596755346266129,0.12051194168106194,0.12302514762813721,0.21087472862551776,LICHSGFIN.BO,0.09212378677907285,0.07307183678672724,0.05674413022753222,0.6199314497559179,0.5386096178518319,0.10963416682775201,0.1078439379529873,0.10404859866787203
2020-08-20,0.1275799480977417,0.1073381854074501,0.1265557665412675,0.1235264559526646,0.1181463483048248,LICHSGFIN.BO,0.0942308538366406,0.07608903132263417,0.05706507971351421,0.6238810758225355,0.5473938337245763,0.12302514762813721,0.10963416682775201,0.1078439379529873
2020-08-21,0.13048747055458876,0.10676099972130976,0.1309975602073959,0.12180774775370395,0.05058310630342517,LICHSGFIN.BO,0.09796336170286779,0.07873391553488751,0.0573939507721572,0.6019595853908002,0.5530450760387159,0.1235264559526646,0.12302514762813721,0.10963416682775201
2020-08-24,0.13715372918185564,0.10950222937809256,0.13034222338024354,0.12187941589481893,0.06333287696783768,LICHSGFIN.BO,0.10091325145101676,0.08085913538797107,0.058182451195524065,0.6026175220744683,0.5572880697823457,0.12180774775370395,0.1235264559526646,0.12302514762813721
2020-08-25,0.14325259393187573,0.14369459161383036,0.1457794208140193,0.1538172563169531,1.0,LICHSGFIN.BO,0.1101993793097118,0.08583866251294386,0.060603417073517796,0.8073538208693087,0.5801493771380976,0.12187941589481893,0.12180774775370395,0.1235264559526646
2020-08-26,0.16594597926259352,0.13951062899744743,0.1602698614815216,0.15238497490693403,0.17630957418237034,LICHSGFIN.BO,0.11637004580614924,0.09060876391620215,0.06254494217553863,0.7897487788488993,0.5966340983618873,0.1538172563169531,0.12187941589481893,0.12180774775370395
2020-08-27,0.1616910198159603,0.13864505901232899,0.16449334296170925,0.1607633640130816,0.15830810204586904,LICHSGFIN.BO,0.12419626831139124,0.09572790109010842,0.0657028971757403,0.8274050420486869,0.614021667092012,0.15238497490693403,0.1538172563169531,0.12187941589481893
2020-08-28,0.16608792625684643,0.15869884599116973,0.1734498475924166,0.1757297658853012,0.17660772237203837,LICHSGFIN.BO,0.13552926382070868,0.10349193312458238,0.06981577090166718,0.8828338537271634,0.6360056951029601,0.1607633640130816,0.15238497490693403,0.1538172563169531
2020-08-31,0.18154781201984316,0.16519103086746795,0.15502714959087638,0.15424687192281367,0.3402505303459998,LICHSGFIN.BO,0.14233205508341817,0.10851799338309498,0.07310448284802329,0.6645799914801964,0.6387270101387059,0.1757297658853012,0.1607633640130816,0.15238497490693403
2020-09-01,0.15885431535529754,0.14391094387618036,0.15655626566074793,0.16047688806903637,0.62820109785319,LICHSGFIN.BO,0.14373173520213844,0.11402494216421327,0.0767101760144343,0.6942007711175536,0.643518726556239,0.15424687192281367,0.1757297658853012,0.1607633640130816
2020-09-02,0.1640312979641772,0.14023207838554402,0.16391079468280095,0.1596176077022114,0.05347347411334306,LICHSGFIN.BO,0.14525184512809436,0.11798839648930193,0.08035153189697597,0.6863091067484546,0.6454796968769277,0.16047688806903637,0.15424687192281367,0.1757297658853012
2020-09-03,0.1659461093107687,0.1441274719673979,0.16711479621783543,0.16019055959030204,0.06116474333257166,LICHSGFIN.BO,0.14513145664531846,0.1219596107734448,0.08392157050681637,0.6892935577563555,0.6460890658186045,0.1596176077022114,0.16047688806903637,0.15424687192281367
2020-09-04,0.15041518252298813,0.13424479292083624,0.1569203710922672,0.1488045663125082,0.07773510415866636,LICHSGFIN.BO,0.13947248510791732,0.12488372839395795,0.0867665030334035,0.5829571868373947,0.6382131304711274,0.16019055959030204,0.1596176077022114,0.16047688806903637
2020-09-07,0.15247181718285646,0.1279689897247036,0.15051251604616406,0.14679952963481313,0.08049094750540602,LICHSGFIN.BO,0.13790724887176087,0.1275829110229625,0.08923105592004194,0.5654523336615198,0.6295989298298518,0.1488045663125082,0.16019055959030204,0.1596176077022114
2020-09-08,0.15034428995963917,0.13662527362941151,0.15553684006524504,0.14737238321269647,0.10476688866383338,LICHSGFIN.BO,0.13515302527563583,0.12688484480582368,0.0914182463293432,0.5694438039760407,0.6221038248266216,0.14679952963481313,0.1488045663125082,0.16019055959030204
2020-09-09,0.14764943369539762,0.12075537907210404,0.1398083978509143,0.13634448486495926,0.09607861189835484,LICHSGFIN.BO,0.13026162458735524,0.12514744454618792,0.0929675060326074,0.4731421986205354,0.608373731076596,0.14737238321269647,0.14679952963481313,0.1488045663125082
2020-09-10,0.14325261719921228,0.12883465480026296,0.15000281487161155,0.14916266124256483,0.08382495982154996,LICHSGFIN.BO,0.12794384927436347,0.12389093280915797,0.09494073374439166,0.5646564916287139,0.6047094139638586,0.13634448486495926,0.14737238321269647,0.14679952963481313
2020-09-11,0.15566306906805288,0.1291231265011228,0.1554640364469161,0.1503799873843426,0.040588224911545394,LICHSGFIN.BO,0.1282749615092359,0.12114521172245662,0.09750434504720107,0.5727090099726151,0.6017758993149226,0.14916266124256483,0.13634448486495926,0.14737238321269647
2020-09-14,0.1567976726366021,0.14102548087148736,0.16230878648521052,0.15882984801119066,0.10918186705643779,LICHSGFIN.BO,0.13080341924986427,0.12164160951485659,0.10032550061646567,0.6268773036379145,0.6039354958884653,0.1503799873843426,0.14916266124256483,0.13634448486495926
2020-09-15,0.16878275715188046,0.1416747985451985,0.16529433689608786,0.15890151615230558,0.044846258097108536,LICHSGFIN.BO,0.13322654094223196,0.12147097560217768,0.10305156467555976,0.6273280231347059,0.6048629219453048,0.15882984801119066,0.1503799873843426,0.14916266124256483
2020-09-16,0.1631093114143124,0.14816694247981083,0.16609522716724523,0.1688551788649767,0.14025988027322778,LICHSGFIN.BO,0.14005943707397167,0.12247152848395332,0.10558743483489941,0.6874412602645058,0.6109452616174519,0.15890151615230558,0.15882984801119066,0.1503799873843426
2020-09-17,0.17160063712421098,0.15409355521672963,0.17432628111468856,0.17605920338993253,0.05240395692736585,LICHSGFIN.BO,0.1457123855713438,0.12419031549017318,0.10849418010692141,0.7260203470159,0.6192911421574377,0.1688551788649767,0.15890151615230558,0.15882984801119066
2020-09-18,0.17939009045819765,0.15846243890978573,0.17395250538960239,0.17091349967502328,0.09690006979052823,LICHSGFIN.BO,0.15002799189774046,0.12658500957145025,0.11121130264837664,0.6712475431638742,0.6216534848943351,0.17605920338993253,0.1688551788649767,0.15890151615230558
2020-09-21,0.1730566065699899,0.1475030910176977,0.16004923223839312,0.15385928393056986,0.04429337209418811,LICHSGFIN.BO,0.14898330955170935,0.12734967567044825,0.11298081470985433,0.5175441164464832,0.6119128254832973,0.17091349967502328,0.17605920338993253,0.1688551788649767
2020-09-22,0.1541289116482738,0.13121212074919775,0.14973388036671892,0.14680238063082462,0.06945087781982595,LICHSGFIN.BO,0.14644038825011918,0.12728793674407224,0.11259266716895477,0.46443980438990917,0.5990031639943759,0.15385928393056986,0.17091349967502328,0.17605920338993253
2020-09-23,0.15340092401445232,0.13128615325989695,0.13769926394801063,0.13445277527871863,0.06323699251004043,LICHSGFIN.BO,0.13920990432421582,0.12708303921801845,0.11160044157579468,0.38204495456082654,0.5804741555125675,0.14680238063082462,0.15385928393056986,0.17091349967502328
2020-09-24,0.1271933761531986,0.10573898032009033,0.1180403165184647,0.10960656623705511,0.09015667329589228,LICHSGFIN.BO,0.1252433009860786,0.12279858347178452,0.10876983043662258,0.2557329032341106,0.5500007014734211,0.13445277527871863,0.14680238063082462,0.15385928393056986
2020-09-25,0.11758386914449492,0.10159215133621347,0.1193110066589464,0.12320579263403397,0.061882207136188846,LICHSGFIN.BO,0.11521639085938695,0.11985525363017546,0.10586357065841007,0.3538943558890536,0.5343681556285966,0.10960656623705511,0.13445277527871863,0.14680238063082462
2020-09-28,0.12952289270837103,0.11862361880974848,0.13590529166437593,0.14025998380093557,0.06363054812040225,LICHSGFIN.BO,0.11235817425994754,0.11784388821578523,0.10508964728866588,0.45768791553882826,0.5326847348623289,0.12320579263403397,0.10960656623705511,0.13445277527871863
2020-09-29,0.1481594115860418,0.12084515195387996,0.14121248864979252,0.1359229798512001,0.02448822266947101,LICHSGFIN.BO,0.11007160924528797,0.11535500447026881,0.10373102890101954,0.434341321161258,0.5286780534780516,0.14025998380093557,0.12320579263403397,0.10960656623705511
2020-09-30,0.14036989125027227,0.11558759197387586,0.13911948924573198,0.1309242990512942,0.03466867149460018,LICHSGFIN.BO,0.10933001598476605,0.11124658133206966,0.10214336894930431,0.4074235317900171,0.5224863049162026,0.1359229798512001,0.14025998380093557,0.12320579263403397
2020-10-01,0.1367299297375053,0.11958623680634445,0.14330539440069828,0.13783415485848433,0.030769370210845633,LICHSGFIN.BO,0.11526271557892415,0.1071062957753729,0.10090634296220508,0.45054701789929585,0.5220413095156687,0.1309242990512942,0.1359229798512001,0.14025998380093557
2020-10-05,0.14619381994905906,0.12551027035629336,0.13911951148295476,0.12974814030881943,0.04455144916716477,LICHSGFIN.BO,0.11663774565731971,0.10264753511010116,0.09985191160481216,0.40489873936638643,0.5168002846955431,0.13783415485848433,0.1309242990512942,0.1359229798512001
2020-10-06,0.13359961617574068,0.13239688363994823,0.14009122443593763,0.15077190102570726,0.1769535742720533,LICHSGFIN.BO,0.118847075256444,0.10231313012331666,0.10007171110745544,0.5255611066674303,0.5259213212895053,0.12974814030881943,0.13783415485848433,0.1309242990512942
2020-10-07,0.15558489897321365,0.1282501366961774,0.1499581288854212,0.1406275656659957,0.0409145182903181,LICHSGFIN.BO,0.11983585593935825,0.10164431482559055,0.09969850644044398,0.46800092768894386,0.5268538376404851,0.15077190102570726,0.12974814030881943,0.13783415485848433
2020-10-08,0.1453930418429003,0.1333595747456086,0.15220057827959976,0.1470228904257777,0.11551119534526276,LICHSGFIN.BO,0.12321935807958051,0.10300582692796412,0.10028936464586541,0.5024849493292085,0.5316215401721516,0.1406275656659957,0.15077190102570726,0.12974814030881943
2020-10-09,0.15966161011721974,0.166459847411968,0.1634129440899062,0.17613273942498603,0.5376360807967283,LICHSGFIN.BO,0.13126871717155858,0.11021150395321866,0.10178167470134902,0.632743825243948,0.5534319346237536,0.1470228904257777,0.1406275656659957,0.15077190102570726
2020-10-12,0.18295712932243724,0.16060982398005563,0.17462518825301537,0.16922271157493318,0.1194887307139862,LICHSGFIN.BO,0.13956523785814146,0.11519575360558842,0.10282428149663259,0.5917820320286635,0.5659993312311087,0.17613273942498603,0.1470228904257777,0.1406275656659957
2020-10-13,0.17029029721448286,0.14631834945020217,0.1577320680456416,0.1495222799808344,0.09983957242210342,LICHSGFIN.BO,0.13930260025330765,0.11619898453841337,0.10230927455932048,0.48682519927628487,0.5632465890022238,0.16922271157493318,0.17613273942498603,0.1470228904257777
2020-10-14,0.1512897393885418,0.12469574100528696,0.1478651552546279,0.14680238063082462,0.09833738258327994,LICHSGFIN.BO,0.14060038458505286,0.11737736959334238,0.10163980443471649,0.4734163044006976,0.5590570998780671,0.1495222799808344,0.16922271157493318,0.17613273942498603
2020-10-15,0.14852339468082837,0.13039759237084836,0.14173572980895083,0.13379117216120368,0.12192448216429824,LICHSGFIN.BO,0.13781942406337871,0.11768789041112693,0.09969964061925929,0.4114153971021912,0.5474048978865638,0.14680238063082462,0.1495222799808344,0.16922271157493318
2020-10-16,0.143937053948772,0.12277039543121004,0.14764089587742363,0.14496461877083483,0.11139531921653334,LICHSGFIN.BO,0.13126870167488608,0.11846021531019318,0.09797911311524898,0.46837050237399636,0.5450429583492568,0.13379117216120368,0.14680238063082462,0.1495222799808344
2020-10-19,0.1526001518629509,0.13306336542273206,0.1541440421631982,0.15393281996562336,0.031814558504545926,LICHSGFIN.BO,0.12805516703819342,0.12107974056191456,0.09703953708184315,0.5112566275967426,0.5486184815254398,0.14496461877083483,0.13379117216120368,0.14680238063082462
2020-10-20,0.1579144342040137,0.13506269680499217,0.16019871495462384,0.15334472830561002,0.02805407501790082,LICHSGFIN.BO,0.1288585455318091,0.12135841227159444,0.0970110656577694,0.508061420475203,0.5508763255319217,0.15393281996562336,0.14496461877083483,0.13379117216120368
2020-10-21,0.16184553582671635,0.1457999188464354,0.16640286419230677,0.1652532403351542,0.06502254238832442,LICHSGFIN.BO,0.13273643284793096,0.12402570319923706,0.09803198978275152,0.5649768807879774,0.559829049463804,0.15334472830561002,0.15393281996562336,0.14496461877083483
2020-10-22,0.17014462153410354,0.15764789922415273,0.17731620140434878,0.17944063212480182,0.17469146432740393,LICHSGFIN.BO,0.14233075336293166,0.12753697951918136,0.10052126069594541,0.6253671284734259,0.5753388572391658,0.1652532403351542,0.15334472830561002,0.15393281996562336
2020-10-23,0.1796085110521496,0.15757386537230678,0.18299719535374898,0.17480953318995607,0.07142867365080788,LICHSGFIN.BO,0.1486033724674764,0.12739365853271045,0.10412907534791038,0.596465426765099,0.5841341086129933,0.17944063212480182,0.1652532403351542,0.15334472830561002
2020-10-26,0.17858928645438588,0.15320492631021143,0.17163531434430368,0.16481222074524787,0.03532889084580109,LICHSGFIN.BO,0.15088993748213592,0.1269159432077694,0.10643124483452271,0.5361308271012907,0.5842392005872319,0.17480953318995607,0.17944063212480182,0.1652532403351542
2020-10-27,0.1630103054895607,0.1439486325682683,0.16296438990723983,0.1650326813850974,0.03159607551115718,LICHSGFIN.BO,0.15334643900698008,0.12859592775663936,0.1078019692890923,0.5372303065818053,0.5838737431528559,0.16481222074524787,0.17480953318995607,0.17944063212480182
2020-10-28,0.17305658211170877,0.146022068693952,0.16752410827275893,0.1592254974404323,0.03716357554574237,LICHSGFIN.BO,0.15207956537123285,0.12994151796703912,0.10909134565208561,0.5012230476231896,0.5794041936811455,0.1650326813850974,0.16481222074524787,0.17480953318995607
2020-10-29,0.15631285593725786,0.13121209958404123,0.15369554770007537,0.14731693625578446,0.04322576305662478,LICHSGFIN.BO,0.14532800610767255,0.13140653967075283,0.10999838408077278,0.4323131067214755,0.5679847855403457,0.1592254974404323,0.1650326813850974,0.16481222074524787
2020-10-30,0.15260017725447722,0.12573243585843663,0.1491359208239365,0.1415832391910692,0.0484450260056777,LICHSGFIN.BO,0.13834470960416145,0.13104029090002084,0.11020582864991829,0.4013383313223383,0.5550813958931456,0.14731693625578446,0.1592254974404323,0.1650326813850974
2020-11-02,0.14808658415431114,0.144392953302435,0.15347129657777997,0.1652532403351542,0.12978748474077564,LICHSGFIN.BO,0.1384374003676958,0.13226644429294965,0.112170399068731,0.5332606897673926,0.5594046492333622,0.1415832391910692,0.14731693625578446,0.1592254974404323
2020-11-03,0.1716006366213534,0.1495024535047596,0.16954237163561153,0.1702519702901638,0.07976012666289171,LICHSGFIN.BO,0.13953435815548837,0.1340977254157097,0.11324827148156713,0.5573012030258426,0.5655915055097636,0.1652532403351542,0.1415832391910692,0.14731693625578446
2020-11-04,0.172547000619917,0.1460220882419231,0.16632816162985586,0.15988707598039548,0.033406431318821546,LICHSGFIN.BO,0.13967340463190475,0.13351649782734987,0.11431393991276223,0.4960258725309177,0.5636362444556692,0.1702519702901638,0.1652532403351542,0.1415832391910692
2020-11-05,0.16665032482481384,0.15416758650721635,0.17260706262319048,0.17613273942498603,0.1369506738864642,LICHSGFIN.BO,0.1457297315133828,0.13315820867156553,0.11592464790112245,0.5744695649328997,0.5718334893964644,0.15988707598039548,0.1702519702901638,0.1652532403351542
2020-11-06,0.1815740729634695,0.15920295571292392,0.17522326507405134,0.16929629676509034,0.07181745889013501,LICHSGFIN.BO,0.15155429016156508,0.13256105120499623,0.11554637342760804,0.5341189362130464,0.5735712614624183,0.17613273942498603,0.15988707598039548,0.1702519702901638
2020-11-09,0.1759685575374012,0.15283468845774062,0.17686775581556552,0.17282479757006658,0.04782487777116816,LICHSGFIN.BO,0.1531456331252573,0.1334289207662978,0.11574568427553722,0.5514027120171346,0.5766588724815807,0.16929629676509034,0.17613273942498603,0.15988707598039548
2020-11-10,0.17757013266449445,0.17852999431785793,0.18284766787662332,0.19892070138925838,0.17459557986960667,LICHSGFIN.BO,0.15917104931073722,0.1370994479509225,0.1184790008233867,0.6620518326158124,0.5947698373625238,0.17282479757006658,0.16929629676509034,0.17613273942498603
2020-11-11,0.20385042536282372,0.1826026677594037,0.20011460159983901,0.2017139893090107,0.24517846673596427,LICHSGFIN.BO,0.16796197066989232,0.14170152161642952,0.12151737339461072,0.6723757772338531,0.6099877380376257,0.19892070138925838,0.17282479757006658,0.16929629676509034
2020-11-12,0.20268568229756223,0.18082547388430498,0.19376095739112165,0.19171667686430255,0.19202126822222104,LICHSGFIN.BO,0.17123730603635118,0.14651060916045944,0.12472251104948562,0.6073418683836704,0.6148301919496193,0.2017139893090107,0.19892070138925838,0.17282479757006658
2020-11-13,0.19198431588892706,0.1679408507898787,0.18979933965639,0.18767371874457373,0.10102834888394785,LICHSGFIN.BO,0.17509975866670396,0.15150282641401258,0.1270856936446701,0.5818024250435734,0.6151826728598238,0.19171667686430255,0.2017139893090107,0.19892070138925838
2020-11-14,0.1927850731044432,0.1726060164535408,0.19637723068413604,0.18914389873950338,0.03331293204654165,LICHSGFIN.BO,0.17852960618869324,0.15409050521970785,0.12903399526112358,0.5887776630827116,0.6154337411047569,0.18767371874457373,0.19171667686430255,0.2017139893090107
2020-11-17,0.19249388564274383,0.17371674510162988,0.19637721156192367,0.1884823201995402,0.21931876239402023,LICHSGFIN.BO,0.17633573193756807,0.1560650966806244,0.13097823069693204,0.5841166260914846,0.6142799359470493,0.18914389873950338,0.18767371874457373,0.19171667686430255
2020-11-18,0.19336744829036262,0.19193296036071728,0.19719944518824262,0.21281394903869205,0.29952157948893104,LICHSGFIN.BO,0.17866865266510978,0.16179778706306047,0.13360986281027454,0.6928020690266259,0.6275445553988062,0.1884823201995402,0.18914389873950338,0.18767371874457373
2020-11-19,0.2154255264884103,0.21059358101896108,0.20915932755609917,0.20708025197397678,0.3422378669190511,LICHSGFIN.BO,0.18189767364314635,0.16514981784248162,0.13513921998720518,0.6515352341481815,0.6333017597929722,0.21281394903869205,0.1884823201995402,0.18914389873950338
2020-11-20,0.21018403597735075,0.1927475705005594,0.21162607015467289,0.20980015132398655,0.07324618501502428,LICHSGFIN.BO,0.18654807008134577,0.1695369286628322,0.1370753230617241,0.6632376273263325,0.638356147284328,0.20708025197397678,0.21281394903869205,0.1884823201995402
2020-11-23,0.21819178692703006,0.19215505733095928,0.20706627956871765,0.19847953433404109,0.07996382150607292,LICHSGFIN.BO,0.1885101760991753,0.17231568082052673,0.13893820496624976,0.5817116114760934,0.6340914606601826,0.20980015132398655,0.20708025197397678,0.21281394903869205
2020-11-24,0.2085824415471606,0.18526853968814833,0.2119998038749316,0.20186111053422123,0.046209630138822566,LICHSGFIN.BO,0.19132204731684754,0.17263416657741604,0.14097599791498228,0.5985991769126878,0.6316954487253476,0.19847953433404109,0.20980015132398655,0.20708025197397678
2020-11-25,0.2080000725568557,0.19022990356466174,0.20930887084726163,0.2003173945042382,0.10297466026610083,LICHSGFIN.BO,0.18869559895070376,0.17248289662431193,0.14324969733744763,0.5871118010691767,0.6277351174950179,0.20186111053422123,0.19847953433404109,0.20980015132398655
2020-11-26,0.2037048689125976,0.18334321795075248,0.20945827670543915,0.20399281991401053,0.07418165477492673,LICHSGFIN.BO,0.18804670161927362,0.17381256760481656,0.14638569088238718,0.6072244986418618,0.6258323036984433,0.2003173945042382,0.20186111053422123,0.19847953433404109
2020-11-27,0.20596162469250173,0.2034847089234153,0.20841178303788266,0.21075567738374906,0.29951680911789635,LICHSGFIN.BO,0.18824752816322643,0.17631265337698832,0.15021314456565216,0.6433381648415144,0.6274786538500559,0.20399281991401053,0.2003173945042382,0.20186111053422123
2020-12-01,0.20967436483915286,0.20585433266516817,0.21648468365181084,0.22442846439333325,0.22660502711240377,LICHSGFIN.BO,0.19370131342615637,0.18013444519056,0.15348743177016877,0.7082462848430268,0.6361738946474116,0.21075567738374906,0.20399281991401053,0.2003173945042382
2020-12-02,0.22860211781778828,0.21222270861827963,0.23763870053697767,0.23016230892335948,0.20561253233715265,LICHSGFIN.BO,0.19964948386498615,0.184648947119172,0.15680239438040022,0.7327323996235456,0.6453673042344501,0.22442846439333325,0.21075567738374906,0.20399281991401053
2020-12-03,0.23551801337432743,0.2385104206110712,0.24287113738839705,0.24993637486271886,0.3555390924750736,LICHSGFIN.BO,0.2100780935696005,0.1886698038446335,0.16178500782713945,0.8052190310472569,0.6635569000613321,0.23016230892335948,0.22442846439333325,0.21075567738374906
2020-12-04,0.25808557780346264,0.23510402311809875,0.24234781236338865,0.2375866957779575,0.185677628820292,LICHSGFIN.BO,0.21713864615087686,0.19197406096189762,0.16518538198973876,0.7028493935707988,0.6686577057144101,0.24993637486271886,0.23016230892335948,0.22442846439333325
2020-12-07,0.24075944647330338,0.22377438233554747,0.2441417863260622,0.23802771536786388,0.07967807628109506,LICHSGFIN.BO,0.22287051403552482,0.19503148482927213,0.16898843314942813,0.7046471723053237,0.671381071032578,0.2375866957779575,0.24993637486271886,0.23016230892335948
2020-12-08,0.24439947417726782,0.2284396043233442,0.2487763210919819,0.24773108029277263,0.09597366373559169,LICHSGFIN.BO,0.2277681133927889,0.20036608798118583,0.17313315227741521,0.7436487059286786,0.6779571575468066,0.23802771536786388,0.2375866957779575,0.24993637486271886
2020-12-09,0.25313531469526296,0.23021679933081207,0.2569986918295222,0.25059795340268215,0.061013045533668556,LICHSGFIN.BO,0.23206315046927517,0.20564494188352367,0.17599256122305407,0.7547664342490252,0.6832354094724694,0.24773108029277263,0.23802771536786388,0.2375866957779575
2020-12-10,0.25320806210486724,0.22755094262487519,0.2442913279618084,0.23486684558305143,0.07619761357418618,LICHSGFIN.BO,0.22889593022100474,0.2093871109268337,0.1778269771432125,0.6249757422081798,0.6758983713652629,0.25059795340268215,0.24773108029277263,0.23802771536786388
2020-12-11,0.23857558154662994,0.22895797729616563,0.24787933839301468,0.24501123009786657,0.1473438812597405,LICHSGFIN.BO,0.2304563728198138,0.2138299550242888,0.1807758747012772,0.6712062426179227,0.6748145078462205,0.23486684558305143,0.25059795340268215,0.24773108029277263
2020-12-14,0.2516792699174043,0.24117609990746625,0.26051183423553037,0.2605216806572332,0.23712703450361666,LICHSGFIN.BO,0.23518401500466346,0.2192202808049929,0.18480670269326294,0.7327137876670748,0.6819713516966737,0.24501123009786657,0.23486684558305143,0.25059795340268215
2020-12-15,0.2617983453221616,0.2544310656454253,0.26140880717885384,0.2752971149517905,0.24753789224972128,LICHSGFIN.BO,0.2409776732879627,0.22473003807901082,0.18957373784964016,0.782211159927573,0.6950470215201873,0.2605216806572332,0.24501123009786657,0.23486684558305143
2020-12-16,0.2807988507246908,0.27783083629473904,0.2871225105735854,0.2840448063516258,0.2699662687064137,LICHSGFIN.BO,0.2480073255043559,0.23056623540070842,0.194861407319754,0.8084954582771473,0.7088712839577007,0.2752971149517905,0.2605216806572332,0.24501123009786657
2020-12-17,0.29099068788894167,0.26953724312725746,0.290560947457985,0.2804428186666998,0.09898042859875598,LICHSGFIN.BO,0.25758620100247254,0.23387049251797265,0.19860345217050435,0.7788314442014392,0.7154626821156567,0.2840448063516258,0.2752971149517905,0.2605216806572332
2020-12-18,0.2850212014535696,0.2609475033918739,0.2780779271819023,0.27037201934204175,0.12502951667077714,LICHSGFIN.BO,0.26291637447475513,0.23742158288512627,0.20210551620731732,0.6987790859416426,0.712298894771959,0.2804428186666998,0.2840448063516258,0.2752971149517905
2020-12-21,0.2728637620345685,0.24754442349047434,0.23995591096917934,0.2403800820079171,0.12825237934181283,LICHSGFIN.BO,0.25868313812803523,0.23767637574996348,0.20379756684754735,0.5093396781423621,0.6891689974602839,0.27037201934204175,0.2804428186666998,0.2840448063516258
2020-12-22,0.23588196793545013,0.22370040427018267,0.2291920388538632,0.2356754961931215,0.11856852614139475,LICHSGFIN.BO,0.2503557119110117,0.23637059426261575,0.20585569613921073,0.4845693459507714,0.6663481742698951,0.2403800820079171,0.27037201934204175,0.2804428186666998
2020-12-23,0.24003153010357503,0.2289579478176902,0.246832805247734,0.2504509304876788,0.055177927684037335,LICHSGFIN.BO,0.24329515932973522,0.23635466970856356,0.20854427110070062,0.5543496625929648,0.656115109829807,0.2356754961931215,0.2403800820079171,0.27037201934204175
2020-12-24,0.25590164958917294,0.24769253842307026,0.26566954579905755,0.257948902532434,0.3360745475422333,LICHSGFIN.BO,0.23856752747600063,0.23885476612904954,0.2117331413131428,0.5869209733865144,0.6513458773360764,0.2504509304876788,0.2356754961931215,0.2403800820079171
2020-12-28,0.26565670406872366,0.24813685803975116,0.271798966400856,0.26515282874718266,0.05244736730378152,LICHSGFIN.BO,0.23747059035043805,0.24103637146848922,0.21511725075316268,0.617266056534386,0.6507293470019839,0.257948902532434,0.2504509304876788,0.2356754961931215
2020-12-29,0.27089825215043584,0.24902544436289176,0.269407012882633,0.25986015127237366,0.06315685027665767,LICHSGFIN.BO,0.24156479055185653,0.24096471896148952,0.21783430257843284,0.583886454304126,0.64562040417139,0.26515282874718266,0.257948902532434,0.2504509304876788
2020-12-30,0.26449191173421527,0.23932492146995288,0.2616331362173666,0.2553760752525313,0.07193576409179529,LICHSGFIN.BO,0.2457053361350423,0.23880700311520697,0.21954669772115343,0.5555986766928699,0.637551648491737,0.25986015127237366,0.26515282874718266,0.257948902532434
2020-12-31,0.2591048227398387,0.23821417120884358,0.265071569904631,0.25662574545250777,0.06904778146739475,LICHSGFIN.BO,0.24700312046678752,0.23583715098472735,0.22101097424894045,0.5619597217689853,0.6308131588860898,0.2553760752525313,0.25986015127237366,0.26515282874718266
2021-01-01,0.25910474810062833,0.2597625857816487,0.26895845051309075,0.28088383825660607,0.12307461862076172,LICHSGFIN.BO,0.25182344308405646,0.23588491932272715,0.22272336123210146,0.6706686456691879,0.6394682782486315,0.25662574545250777,0.2553760752525313,0.25986015127237366
2021-01-04,0.288078719471794,0.2684264794346859,0.2924296569812409,0.286764656546532,0.13936972903815487,LICHSGFIN.BO,0.2563656830796075,0.2376604618442254,0.22544447923801647,0.6930875235457951,0.6486838943754456,0.28088383825660607,0.25662574545250777,0.2553760752525313
2021-01-05,0.2829828061829549,0.289752836915528,0.29347616594021886,0.3055096112359719,0.24927478434345146,LICHSGFIN.BO,0.26596000359460825,0.2447148635922186,0.22917839172747712,0.7571351006478382,0.6662146247945294,0.286764656546532,0.28088383825660607,0.25662574545250777
2021-01-06,0.30882643507433793,0.31722541317218333,0.31978786897874634,0.32557777216044176,0.20614872204145165,LICHSGFIN.BO,0.2807145610717069,0.25445248614606386,0.23348580975847022,0.8130167708171263,0.690881191869042,0.3055096112359719,0.286764656546532,0.28088383825660607
2021-01-07,0.3367084008123049,0.3564718692022122,0.3450530453907563,0.3650524663143147,0.22964852383253517,LICHSGFIN.BO,0.30350301712722727,0.26686536989081366,0.23981881403670158,0.8937081476493729,0.7328973622055621,0.32557777216044176,0.3055096112359719,0.286764656546532
2021-01-08,0.37689331518757074,0.3617293387409828,0.3815304992634343,0.37571130814388237,0.12152567914579829,LICHSGFIN.BO,0.3234332669144231,0.27962061823729556,0.247612028662075,0.9110098359662653,0.7701501540949476,0.3650524663143147,0.32557777216044176,0.3055096112359719
2021-01-11,0.3798052916721032,0.3580268690016687,0.35843310782642734,0.35865709239942895,0.14887707851028945,LICHSGFIN.BO,0.3385431734221199,0.28974838437918693,0.2539002886340933,0.8036737815573667,0.7860530469349986,0.37571130814388237,0.3650524663143147,0.32557777216044176
2021-01-12,0.3608775855704319,0.35758257777815594,0.36299276914772427,0.37063914046402663,0.07882942727402395,LICHSGFIN.BO,0.35223169413853916,0.3017472350427335,0.2599933148182404,0.8286947215005507,0.8030618818640157,0.35865709239942895,0.37571130814388237,0.3650524663143147
2021-01-13,0.37689326099577103,0.3854993161752196,0.36882311513445065,0.36990397673390635,0.23615244770122976,LICHSGFIN.BO,0.361547901038477,0.31415214320006424,0.2652281076208516,0.824055447048436,0.8128535158930745,0.37063914046402663,0.35865709239942895,0.37571130814388237
2021-01-14,0.37383576707487964,0.360322430357942,0.3728596450327879,0.36247958987930823,0.16216971739844954,LICHSGFIN.BO,0.3610071498185803,0.3256175346132508,0.2695680659764166,0.7760632975924555,0.8127290215526772,0.36990397673390635,0.37063914046402663,0.35865709239942895
2021-01-15,0.36670146794387115,0.34884467722726586,0.3659827049805755,0.3582895105343688,0.07997717854497005,LICHSGFIN.BO,0.35734554439441013,0.33400160734174855,0.2738754840074097,0.7489362171676931,0.8068434864380221,0.36247958987930823,0.36990397673390635,0.37063914046402663
2021-01-18,0.3620423828491749,0.3382555686165313,0.33922262804039194,0.329841338385331,0.11507327528427834,LICHSGFIN.BO,0.35128922784404715,0.33866738987177913,0.27716604409406553,0.587140519640119,0.7814614970997091,0.3582895105343688,0.36247958987930823,0.36990397673390635
2021-01-19,0.3337236868705663,0.3324797131341005,0.34557631868008953,0.3527028363846569,0.09530008734549364,LICHSGFIN.BO,0.34751948663945864,0.34377904926696046,0.2833810937755038,0.6608335955266094,0.7729266385687906,0.329841338385331,0.3582895105343688,0.36247958987930823
2021-01-20,0.3601495565807107,0.3400327076641243,0.3561158110533055,0.3598331774092483,0.06319405917072823,LICHSGFIN.BO,0.3454028684660987,0.3474893692021659,0.2902509943701975,0.6816793525721253,0.7679286429193473,0.3527028363846569,0.329841338385331,0.3582895105343688
2021-01-21,0.3667014763343759,0.3463269722045257,0.35237838607070227,0.34395514498482155,0.09654753937106474,LICHSGFIN.BO,0.34150951547086283,0.34520424627515034,0.295424775424163,0.6007906502789941,0.7514840955892742,0.3598331774092483,0.3527028363846569,0.329841338385331
2021-01-22,0.34762815618757037,0.33166508873074085,0.34557622729602944,0.3337372735900565,0.08256796705390948,LICHSGFIN.BO,0.33634927850876484,0.3406578952384337,0.29961830231915476,0.5525114043780537,0.7297704578300416,0.34395514498482155,0.3598331774092483,0.3527028363846569
2021-01-25,0.33874666574240997,0.3395884075371788,0.3472206893043277,0.33675116961496937,0.18516958430509767,LICHSGFIN.BO,0.3378015440026957,0.33828518992620915,0.3035799862012053,0.5637411546792631,0.712385144947331,0.3337372735900565,0.34395514498482155,0.3598331774092483
2021-01-27,0.3397658867979727,0.31633675221596913,0.31582613007290217,0.3055830981159216,0.10749983422960654,LICHSGFIN.BO,0.32789820950774884,0.33123874779316353,0.30610993116018725,0.42973453304405573,0.6773823620272873,0.33675116961496937,0.3337372735900565,0.34395514498482155
2021-01-28,0.3033665012833402,0.29027121924672095,0.3022965621759858,0.3060977028959852,0.0987748256071609,LICHSGFIN.BO,0.3166044205797526,0.3243276723557984,0.30891646343832346,0.4319450918952181,0.6486317633502149,0.3055830981159216,0.33675116961496937,0.3337372735900565
2021-01-29,0.32156619710380585,0.3158924890184085,0.3130604249649245,0.30749434685586136,0.18126408153899803,LICHSGFIN.BO,0.30894131604881325,0.3183720328924725,0.3117311280777493,0.4383326333052995,0.6256544650286586,0.3060977028959852,0.3055830981159216,0.33675116961496937
2021-02-01,0.3214205772056037,0.35158447475441035,0.3161251024120002,0.3621120080142481,0.4583649171648922,LICHSGFIN.BO,0.314904941835642,0.31878606064951864,0.31622565025517724,0.6349371236249383,0.6404809474321616,0.30749434685586136,0.3060977028959852,0.3055830981159216
2021-02-02,0.36670149089278237,0.3728368318707963,0.3793628178321593,0.3742411281489528,0.302058939842282,LICHSGFIN.BO,0.3227843489207629,0.32359515351770574,0.32106590386169453,0.6675442994308945,0.6583966266936887,0.3621120080142481,0.30749434685586136,0.3060977028959852
2021-02-03,0.3849011960993274,0.3668388076654593,0.36949593770043987,0.3849000191336241,0.20335853202326223,LICHSGFIN.BO,0.33945468769615406,0.3270825403444929,0.32545873888476207,0.6950384500288554,0.6776163091830172,0.3742411281489528,0.3621120080142481,0.30749434685586136
2021-02-04,0.3856291369183905,0.37653927329951786,0.39543380222426106,0.39070720307828916,0.10255152835532395,LICHSGFIN.BO,0.35723738795176174,0.33042661150896646,0.3290624846362289,0.7098539864862886,0.6946285860261913,0.3849000191336241,0.3742411281489528,0.3621120080142481
2021-02-05,0.3958210180791709,0.3774279273725425,0.37353235384402084,0.36255307675925813,0.22377524301462642,LICHSGFIN.BO,0.36880929049482103,0.3324410170170925,0.3289241882567986,0.5793500427994923,0.6886477082184794,0.39070720307828916,0.3849000191336241,0.3742411281489528
2021-02-08,0.3678662646508811,0.3619515024832337,0.37981130408873964,0.3680663131841239,0.10980869381039587,LICHSGFIN.BO,0.3700607294447992,0.33615931253971687,0.32850117491677777,0.5962771568630595,0.6856078752989537,0.36255307675925813,0.39070720307828916,0.3849000191336241
2021-02-09,0.373981306010265,0.3592856443720811,0.37883949669074324,0.3711536469338828,0.057804493975736934,LICHSGFIN.BO,0.36941182178225407,0.33988556235313183,0.3291926350551032,0.6060363020411302,0.6834018748638443,0.3680663131841239,0.36255307675925813,0.39070720307828916
2021-02-10,0.3642262887349397,0.35432433906125604,0.37592431160001205,0.3713007190039898,0.08621920904386023,LICHSGFIN.BO,0.36655360518281466,0.34700366231733426,0.32922924156031985,0.6065282613743349,0.6800501427468867,0.3711536469338828,0.3680663131841239,0.36255307675925813
2021-02-11,0.3728166369845316,0.3549908582046818,0.3774193432213542,0.36417032882429473,0.04382492165858168,LICHSGFIN.BO,0.3609762494536972,0.35329370676744454,0.3289119869950109,0.5702448161595809,0.6713239656585276,0.3713007190039898,0.3711536469338828,0.3680663131841239
2021-02-12,0.37339900878993526,0.3589154821935584,0.37831633029168943,0.3761523768888924,0.06779746721920284,LICHSGFIN.BO,0.36383446605313663,0.3607302924885364,0.32966853050233313,0.6141359286053468,0.6703439746467842,0.36417032882429473,0.3713007190039898,0.3711536469338828
2021-02-15,0.38824988997794097,0.40949147758107896,0.3940135663290545,0.42577130809226954,0.33261173520815274,LICHSGFIN.BO,0.3759625441707467,0.36762544869600644,0.3334024375520874,0.752084143233613,0.6987942855506927,0.3761523768888924,0.36417032882429473,0.3713007190039898
2021-02-16,0.4322204047931588,0.4140085520248935,0.4257818960806924,0.41621506439257133,0.17242696919723718,LICHSGFIN.BO,0.3854332735573299,0.37217178908440873,0.33818167397025256,0.7043862293629181,0.7132656141312207,0.42577130809226954,0.3761523768888924,0.36417032882429473
2021-02-17,0.4147487043264163,0.40564089976683815,0.42271722391562305,0.41695017896758796,0.11608841024046009,LICHSGFIN.BO,0.3950275940723307,0.3756432513571436,0.34173661195471483,0.7062799281202713,0.7230046635882126,0.41621506439257133,0.42577130809226954,0.3761523768888924
2021-02-18,0.4205726041384643,0.42074708428228946,0.4310143380897654,0.4301084103522123,0.10500493017846435,LICHSGFIN.BO,0.4088860512989345,0.37991093068418036,0.3456250855461852,0.7400791688872638,0.7366324889212406,0.41695017896758796,0.41621506439257133,0.42577130809226954
2021-02-19,0.4263965231050757,0.4077143384066402,0.3922943770244165,0.3861496401784969,0.17932158645367277,LICHSGFIN.BO,0.4109872141242955,0.38246675505761385,0.3479597939974427,0.5400706488307606,0.7177159871139553,0.4301084103522123,0.41695017896758796,0.41621506439257133
2021-02-22,0.39552978199887157,0.3723184448576583,0.36538471787992155,0.3548345457644461,0.11361544989607747,LICHSGFIN.BO,0.39607816515389616,0.3810335771378477,0.34912714958299806,0.4340900572268591,0.6813615903719188,0.3861496401784969,0.4301084103522123,0.41695017896758796
2021-02-23,0.35942156723298757,0.345956695856415,0.3659826868471734,0.35748085992429873,0.0912047238122134,LICHSGFIN.BO,0.3837337741509894,0.37955263088008173,0.35027416610576945,0.44316925179029565,0.652829215027656,0.3548345457644461,0.3861496401784969,0.4301084103522123
2021-02-24,0.36524552891427253,0.36024836913702796,0.37196266319691385,0.37732851105381543,0.3939758800499744,LICHSGFIN.BO,0.3754063376028509,0.3802055216237554,0.3542439877888163,0.5091801825081168,0.6414221886928576,0.35748085992429873,0.3548345457644461,0.3861496401784969
2021-02-25,0.38271724384341377,0.37372544978118694,0.39378937653491963,0.3892370722384632,0.0887250849483822,LICHSGFIN.BO,0.36681625311876365,0.38292058621355507,0.35884426058139607,0.5459336937874445,0.6386369864357352,0.37732851105381543,0.35748085992429873,0.3548345457644461
2021-02-26,0.38126123048096505,0.35780468992787307,0.3691221689219605,0.3571868632493957,0.17598328080359762,LICHSGFIN.BO,0.3607290362035175,0.3808663666582197,0.3615938500113848,0.4378248281186481,0.6153661872322492,0.3892370722384632,0.37732851105381543,0.35748085992429873
2021-03-01,0.36961344423414244,0.3466232047357629,0.3689726882567176,0.3624060538442548,0.10544523542496612,LICHSGFIN.BO,0.36232036883609475,0.3740030595588544,0.36161012017367067,0.45525219084917534,0.5994328085660474,0.3571868632493957,0.3892370722384632,0.37732851105381543
2021-03-02,0.3645174961133504,0.3552129405803688,0.37719504786354263,0.37497619356886575,0.04758445107101985,LICHSGFIN.BO,0.36599742960826376,0.3695363366165564,0.3616507928595323,0.49688616646780337,0.5939902782632619,0.3624060538442548,0.3571868632493957,0.3892370722384632
2021-03-03,0.3812612604300438,0.38964616508371464,0.39438735250072077,0.4082760727579097,0.2511500171971876,LICHSGFIN.BO,0.37250179628387425,0.3685968145482552,0.3629442381230237,0.5932393684304041,0.6096899716400427,0.37497619356886575,0.3624060538442548,0.3571868632493957
2021-03-04,0.3981505344803632,0.3843144994873704,0.40559963805108323,0.39335356639324554,0.09489126654782082,LICHSGFIN.BO,0.37336697550725617,0.36461577187000305,0.3630906668637436,0.5399974582458476,0.6118576671669769,0.4082760727579097,0.37497619356886575,0.3624060538442548
2021-03-05,0.39174430922163106,0.36846791916741606,0.37256063365817627,0.3670371527791005,0.11797795420730028,LICHSGFIN.BO,0.37543724829884895,0.3625456330847725,0.3633387800389708,0.45542273422442914,0.5963298074922514,0.39335356639324554,0.4082760727579097,0.37497619356886575
2021-03-08,0.37652934511010216,0.35558323318621454,0.37271015029573473,0.36100940988437863,0.09597938818083332,LICHSGFIN.BO,0.37514371032913196,0.36321445370665584,0.36294830702352177,0.43727624590284053,0.579702097284289,0.3670371527791005,0.39335356639324554,0.4082760727579097
2021-03-09,0.3690310670821977,0.3486225198123999,0.361497792551276,0.3564517978294826,0.09613060894263295,LICHSGFIN.BO,0.37125036766501107,0.3631029924766038,0.36213482338790515,0.423176362938366,0.5633142498165928,0.36100940988437863,0.3670371527791005,0.39335356639324554
2021-03-10,0.3616055727697275,0.3454383796816316,0.37218688625889373,0.3624060538442548,0.050340294417759515,LICHSGFIN.BO,0.3616096914371282,0.3614866901714717,0.3616426632180958,0.4446052553098597,0.5538227213379289,0.3564517978294826,0.36100940988437863,0.3670371527791005
2021-03-12,0.3680118141187454,0.35321356773864476,0.3682251509626522,0.3577014188743555,0.07424176144996382,LICHSGFIN.BO,0.3541165440786035,0.35807095585168425,0.3612847250875121,0.4284111822536344,0.5432296070632453,0.3624060538442548,0.3564517978294826,0.36100940988437863
2021-03-15,0.36233360910636425,0.3408473276615349,0.34475404005445454,0.3424850141449955,0.11221630007160327,LICHSGFIN.BO,0.3489563277787353,0.3564785483638663,0.3594218404631332,0.37746362511459874,0.5253725709931133,0.3577014188743555,0.3624060538442548,0.3564517978294826
2021-03-16,0.3503217134060116,0.341513703383307,0.3583582794263841,0.3575543959593523,0.04984274471884149,LICHSGFIN.BO,0.34823017436953996,0.3559530487284539,0.35564725800766417,0.4374965305865477,0.5208174402284034,0.3424850141449955,0.3577014188743555,0.3624060538442548
2021-03-17,0.3592032587379491,0.33855179009534964,0.35103296582741206,0.33917707229007604,0.049127666100741645,LICHSGFIN.BO,0.34459947964136795,0.3520755236377776,0.3513845870027372,0.37649445938672776,0.5059853711782631,0.3575543959593523,0.3424850141449955,0.3577014188743555
2021-03-18,0.34631777379375894,0.33011000164947757,0.3352608623079182,0.32579823280029135,0.08933760058923623,LICHSGFIN.BO,0.33690547474554566,0.3431420671048675,0.3463409618073525,0.33575437944270203,0.4863716907179068,0.33917707229007604,0.3575543959593523,0.3424850141449955
2021-03-19,0.3256429186947146,0.3197430512001882,0.3223292786027736,0.3380008398149457,0.11769984157597793,LICHSGFIN.BO,0.3327649291623599,0.33714662424264663,0.3412444599444652,0.38687244998372905,0.47910615901509174,0.32579823280029135,0.33917707229007604,0.3575543959593523
2021-03-22,0.3398387143039058,0.32603731470053177,0.34355803730835754,0.33513401586013997,0.09017336959451369,LICHSGFIN.BO,0.3312199419115498,0.33369108652396406,0.3384216602238964,0.3773436310176377,0.4722487208719413,0.3380008398149457,0.32579823280029135,0.33917707229007604
2021-03-23,0.33758195543006553,0.3280366569242854,0.3495379444646106,0.34013264750494226,0.07242234193733355,LICHSGFIN.BO,0.3275583468184947,0.33142985309010575,0.33760817386842656,0.39947265017136313,0.47066894508910967,0.33513401586013997,0.3380008398149457,0.32579823280029135
2021-03-24,0.34034828835900355,0.32011329763149077,0.3392225773943579,0.32748897174527775,0.052738836974001,LICHSGFIN.BO,0.3251018143003057,0.32829279047999826,0.3359486608329151,0.35448086059051875,0.46229668257746603,0.34013264750494226,0.33513401586013997,0.3380008398149457
2021-03-25,0.32593416447219326,0.31729944866848525,0.3292062289402947,0.3324876525451837,0.12258088521867141,LICHSGFIN.BO,0.3265077550746993,0.32505222625478625,0.33346752364093757,0.3783361145269003,0.45964352262368624,0.32748897174527775,0.34013264750494226,0.33513401586013997
2021-03-26,0.33845549315546497,0.32551892926040604,0.34908941016000317,0.34270542562974143,0.11487482784923528,LICHSGFIN.BO,0.3274965357576135,0.3234279590105493,0.33089283165588923,0.4263137090721496,0.46473933771167486,0.3324876525451837,0.32748897174527775,0.34013264750494226
2021-03-30,0.3506857100385804,0.3311467246811739,0.3495379092932266,0.34336705332480827,0.0397376677560604,LICHSGFIN.BO,0.3292269045354923,0.32352349568654903,0.33012815306742394,0.4294476725104518,0.4699195158951899,0.34270542562974143,0.3324876525451837,0.32748897174527775
2021-03-31,0.35017606747079955,0.33855166787499646,0.3574612421945401,0.3549815195243457,0.056258893760497794,LICHSGFIN.BO,0.33234774840865067,0.3232448186527118,0.3297173382693376,0.4841821352386346,0.4819019745280426,0.34336705332480827,0.34270542562974143,0.3324876525451837
2021-04-01,0.36298874011444593,0.34129157617844963,0.3632169774782882,0.3618914490641914,0.043607392739399876,LICHSGFIN.BO,0.3395782478312266,0.32570509037767437,0.3289933323667338,0.5152732817505599,0.49615857558428383,0.3549815195243457,0.34336705332480827,0.34270542562974143
2021-04-05,0.36306147488404916,0.33929217363046693,0.3450529344278481,0.34064715397479844,0.05187444574251541,LICHSGFIN.BO,0.3412931612611063,0.32731342774370153,0.3252512847961301,0.41750277411286363,0.49456736650466593,0.3618914490641914,0.3549815195243457,0.34336705332480827
2021-04-06,0.3459538507573563,0.32877718622264285,0.3537239006890145,0.3429260337349019,0.030420656088209885,LICHSGFIN.BO,0.3413395273051034,0.32784689231821873,0.3224610254001332,0.428693652958681,0.4951718570907008,0.34064715397479844,0.3618914490641914,0.3549815195243457
2021-04-07,0.34340585454698713,0.3303322223981151,0.3508086791183076,0.3415293406199221,0.05324306519236759,LICHSGFIN.BO,0.3409532882407371,0.32853959178494474,0.32104962553984884,0.42224139608226297,0.4952093853714053,0.3429260337349019,0.34064715397479844,0.3618914490641914
2021-04-08,0.34537146896653614,0.3321835075560503,0.354919912162345,0.3429260337349019,0.05207098502914458,LICHSGFIN.BO,0.33841954096924265,0.32884215298778174,0.32004903503794413,0.429992167589929,0.49653532103691217,0.3415293406199221,0.3429260337349019,0.34064715397479844
2021-04-09,0.3463178657018908,0.3250747137335701,0.3484167604827161,0.3365307089751198,0.057414754662202874,LICHSGFIN.BO,0.333089377828075,0.32982149442744957,0.31894676010153233,0.3976296877053014,0.49402136009054337,0.3429260337349019,0.3415293406199221,0.3429260337349019
2021-04-12,0.3359803206872751,0.31174563292278257,0.29384988921132593,0.2883083234214115,0.09192457280134791,LICHSGFIN.BO,0.32208912686979563,0.32503628040410526,0.3148467798400515,0.21717946197250518,0.46257778211055534,0.3365307089751198,0.3429260337349019,0.3415293406199221
2021-04-13,0.29062674509817366,0.28382891264024046,0.29878339000834386,0.305142127681119,0.6506662061668496,LICHSGFIN.BO,0.3141479397171384,0.3209676713131153,0.31193856584726165,0.3091567880295052,0.4491881948955002,0.2883083234214115,0.3365307089751198,0.3429260337349019
2021-04-15,0.3029297820341902,0.2922706330945467,0.2988581823049943,0.2988202898012868,0.0742603658969991,LICHSGFIN.BO,0.3051716161686846,0.31614265921503315,0.3095225065845745,0.2885140567229887,0.43573013829280965,0.305142127681119,0.2883083234214115,0.3365307089751198
2021-04-16,0.301182499043942,0.2826440532818757,0.3091734413741757,0.30227515626100215,0.03166524589116017,LICHSGFIN.BO,0.29662786673524955,0.31043385300159687,0.3064637922307131,0.30762928349104923,0.42843734128950806,0.2988202898012868,0.305142127681119,0.2883083234214115
2021-04-19,0.29375706952209113,0.26879678005701113,0.2863750564966613,0.2831627180167095,0.08307124119806915,LICHSGFIN.BO,0.28541131322278834,0.30190647525909964,0.30336440247113683,0.24493933718036573,0.41205707149055515,0.30227515626100215,0.2988202898012868,0.305142127681119
2021-04-20,0.2888794339388412,0.27797887310039116,0.297288285773598,0.28801422843630115,0.05895796969192467,LICHSGFIN.BO,0.28534950216190724,0.2962056233364537,0.301273735574755,0.2730417350756915,0.403611057403661,0.2831627180167095,0.30227515626100215,0.2988202898012868
2021-04-22,0.28662277483375675,0.27634985750061525,0.2934014629982439,0.2941891417113374,0.036769065861173615,LICHSGFIN.BO,0.2830474714681337,0.2909267641099589,0.29884954395077823,0.308941973893162,0.4022986397587677,0.28801422843630115,0.2831627180167095,0.30227515626100215
2021-04-23,0.2989985363061609,0.2846434107975212,0.30491274148448466,0.3010254860610258,0.04084391679900471,LICHSGFIN.BO,0.2835109459480353,0.2865396532896083,0.2969622486432638,0.34822090047006804,0.40700053495223465,0.2941891417113374,0.28801422843630115,0.2831627180167095
2021-04-26,0.3084624572270168,0.289012401204358,0.3159009282493632,0.3098467134959147,0.02709856969965267,LICHSGFIN.BO,0.2851022889117274,0.28295671913850706,0.29528646544546633,0.39730468249630446,0.41759235106320697,0.3010254860610258,0.2941891417113374,0.28801422843630115
2021-04-27,0.31195678545547767,0.30271162079757086,0.3224040938211271,0.3170506397106632,0.034015607699951295,LICHSGFIN.BO,0.29222464222277,0.2808467663060672,0.2947088910034358,0.4359529762210973,0.43167468816895727,0.3098467134959147,0.3010254860610258,0.2941891417113374
2021-04-28,0.3216389617566314,0.3195208881584881,0.3331678619145947,0.33623661399000954,0.07824267163675723,LICHSGFIN.BO,0.30235972428878255,0.2860380431473529,0.29491632877294816,0.5283821693300919,0.455765027635517,0.3170506397106632,0.3098467134959147,0.3010254860610258
2021-04-29,0.3419497974886019,0.32300118469229855,0.3418387179188388,0.3304292825800334,0.091555346083263,LICHSGFIN.BO,0.3099764524446097,0.28877698125783813,0.29423706445670395,0.4983588057994167,0.4719158396947484,0.33623661399000954,0.3170506397106632,0.3098467134959147
2021-04-30,0.3288461545947404,0.31707734626542605,0.3335416994465653,0.3221963434255725,0.030456433870970055,LICHSGFIN.BO,0.31442601200774134,0.2913089214622716,0.29306564541035696,0.45674417706707504,0.4801573055026417,0.3304292825800334,0.33623661399000954,0.3170506397106632
2021-05-03,0.315742286777117,0.30796913985507424,0.3255435131079234,0.3252836771753314,0.050112270682301396,LICHSGFIN.BO,0.3176704573404321,0.293801052943653,0.29142240253713136,0.47278124787241516,0.48913124646133616,0.3221963434255725,0.3304292825800334,0.33623661399000954
2021-05-04,0.3317580138049425,0.31892849546139446,0.3377275754480661,0.3256512098852879,0.061284956682645816,LICHSGFIN.BO,0.31947807186496113,0.29840312660916,0.2894171553526773,0.47478638647768556,0.49688941330040726,0.3252836771753314,0.3221963434255725,0.3304292825800334
2021-05-05,0.3277540970274371,0.31337477482429366,0.3364568524610817,0.3322670935951268,0.038834159482090354,LICHSGFIN.BO,0.31864378267534743,0.30319630557160915,0.2889534693267949,0.5115447518718589,0.5074831589276741,0.3256512098852879,0.3252836771753314,0.3221963434255725
2021-05-06,0.33758191051231157,0.3147076344176255,0.3427357578633121,0.3317524888150634,0.02630764218210128,LICHSGFIN.BO,0.31892188595929527,0.3072649199867561,0.28833521403934304,0.5082660533975947,0.5157539806454363,0.3322670935951268,0.3256512098852879,0.3252836771753314
2021-05-07,0.3390378920743603,0.3283328329304034,0.3467721814761131,0.3470425278896841,0.10596425179354024,LICHSGFIN.BO,0.3241439029889295,0.31224918294951876,0.28864027006271764,0.5904197590883188,0.5319159045996511,0.3317524888150634,0.3322670935951268,0.3256512098852879
2021-05-10,0.3521417511140936,0.3374410299396823,0.3638150159221457,0.35476110803959987,0.05693867163294094,LICHSGFIN.BO,0.330339286677939,0.3171140144189676,0.2892951291355329,0.6272431058017539,0.5493787486827851,0.3470425278896841,0.3317524888150634,0.3322670935951268
2021-05-11,0.35214172447287784,0.3385517505070039,0.3588068418988042,0.3565252847094325,0.0625815435298742,LICHSGFIN.BO,0.3368282083366654,0.3213896480367948,0.29040147025258944,0.6356192446293736,0.5639676719770047,0.35476110803959987,0.3470425278896841,0.3317524888150634
2021-05-12,0.35796559227984404,0.35010347193594105,0.36755239917541593,0.3563047257593757,0.09762325803938704,LICHSGFIN.BO,0.3418802888561151,0.3235632937612868,0.29416385144627055,0.6338374553885892,0.5749073485762629,0.3565252847094325,0.35476110803959987,0.3470425278896841
2021-05-14,0.3580384046872148,0.3406992072793995,0.3584330894680262,0.3579219778244123,0.06618269662396072,LICHSGFIN.BO,0.3473804298319273,0.32654112147918546,0.29708426942070165,0.6424824971672279,0.584003450850754,0.3563047257593757,0.3565252847094325,0.35476110803959987
2021-05-17,0.3623335297641638,0.34869655972100677,0.3727101063562964,0.3667431069490939,0.03557074865725981,LICHSGFIN.BO,0.35152097541511285,0.33136613357726774,0.30084257899403144,0.688259390125132,0.5960208335582413,0.3579219778244123,0.3563047257593757,0.3565252847094325
2021-05-18,0.37398133495839736,0.3692824061952392,0.3866133945071031,0.38695824163346343,0.05693724052163053,LICHSGFIN.BO,0.3582879693644423,0.338046316291267,0.30552826877868566,0.7739209253008597,0.6172589390051066,0.3667431069490939,0.3579219778244123,0.3563047257593757
2021-05-19,0.39101633678210634,0.37542859628777314,0.3981995487937735,0.3843119274736107,0.05139883975035694,LICHSGFIN.BO,0.36412799369173865,0.34440005895758663,0.3111250631726721,0.7496923980830843,0.6312958254688423,0.38695824163346343,0.3667431069490939,0.3579219778244123
2021-05-20,0.38053324073685535,0.37017102540159497,0.39102361526327956,0.3890165132884064,0.042020290296158946,LICHSGFIN.BO,0.37100315441483134,0.35054678242122606,0.3167137279252221,0.7686219984061367,0.6440913163279356,0.3843119274736107,0.38695824163346343,0.3667431069490939
2021-05-21,0.3958210065804634,0.3784646318389032,0.40552495159891544,0.3969555540781717,0.07317176722688314,LICHSGFIN.BO,0.37920698950343745,0.357609149108324,0.3224000054919278,0.799126674875452,0.657775064652063,0.3890165132884064,0.3843119274736107,0.38695824163346343
2021-05-24,0.39822340384374033,0.38135259558199064,0.40530071363088904,0.3993814075981747,0.04887435939879968,LICHSGFIN.BO,0.38606670520964614,0.36327815192286517,0.32784224150375774,0.8082128357496496,0.6685783812149652,0.3969555540781717,0.3890165132884064,0.3843119274736107
2021-05-25,0.4031008705663003,0.3821671059308742,0.39961974326999306,0.3903396703683328,0.025636928014624052,LICHSGFIN.BO,0.38677739293972746,0.36713178752038433,0.3322960828357644,0.7171465128134242,0.6698872612696134,0.3993814075981747,0.3969555540781717,0.3890165132884064
2021-05-26,0.39087071800006534,0.3718741989008617,0.39917130989624094,0.3857821074685404,0.03165904440881507,LICHSGFIN.BO,0.3870863862574435,0.3703006939144393,0.336099136715307,0.6739878110310528,0.6665245772504422,0.3903396703683328,0.3993814075981747,0.3969555540781717
2021-05-27,0.39414662259771815,0.3735772931515483,0.39932072794522366,0.3879873528833831,0.021355997048094405,LICHSGFIN.BO,0.3868700837032618,0.3737323474641221,0.3389626118415906,0.685635880782539,0.6637358505258041,0.3857821074685404,0.3903396703683328,0.3993814075981747
2021-05-28,0.39392820795340033,0.37898289654294093,0.39730251411639417,0.395779370758145,0.022032912697916733,LICHSGFIN.BO,0.38662288078419704,0.37783281098737365,0.34257856701440514,0.7255010127460093,0.6648946583914895,0.3879873528833831,0.3857821074685404,0.3903396703683328
2021-05-31,0.394801811463832,0.42400530822191673,0.40589870302069986,0.4109959229528159,0.18354575000488962,LICHSGFIN.BO,0.389063947623272,0.38262598462566566,0.3474920309115025,0.7915912029953589,0.6737392910849483,0.395779370758145,0.3879873528833831,0.3857821074685404
2021-06-01,0.41911662189282084,0.4081586007573288,0.4270526444226178,0.42782957974721253,0.09090991488226963,LICHSGFIN.BO,0.3969433443772781,0.38705289884491134,0.3531661072164204,0.8491871504385706,0.6895080508409303,0.4109959229528159,0.395779370758145,0.3879873528833831
2021-06-02,0.4322203661413876,0.4166742894661335,0.4407316565754711,0.43481294701190426,0.10622185182941343,LICHSGFIN.BO,0.4072483422912452,0.3925228367475627,0.35920625129335826,0.869816852386992,0.7044108072010854,0.42782957974721253,0.4109959229528159,0.395779370758145
2021-06-03,0.43950033462298244,0.4434063628132695,0.4526915840134843,0.45980630185633015,0.18496636649901993,LICHSGFIN.BO,0.422342803782058,0.4001903205161774,0.36626325875434007,0.9302101379785976,0.7296387607595759,0.43481294701190426,0.42782957974721253,0.4109959229528159
2021-06-04,0.4642519079866603,0.49553745853073583,0.47922744996431876,0.5053822749399786,0.35113747112136634,LICHSGFIN.BO,0.44537846275664317,0.4119343889632011,0.3758705529569413,1.0,0.7754383581037629,0.45980630185633015,0.43481294701190426,0.42782957974721253
2021-06-07,0.5122263394289919,0.4912425145333773,0.5035955910314799,0.4903862816953644,0.14588844105705698,LICHSGFIN.BO,0.46206423621780324,0.4217914376862031,0.3838020585220385,0.8899301827133992,0.7992541372003888,0.5053822749399786,0.45980630185633015,0.43481294701190426
2021-06-08,0.49395385026961036,0.4777654737076168,0.4929812685503898,0.482079659040539,0.06883740810476498,LICHSGFIN.BO,0.473466181588448,0.4317281091794666,0.39084685656167273,0.8330454624245978,0.8097248543371134,0.4903862816953644,0.5053822749399786,0.45980630185633015
2021-06-09,0.4843443618420218,0.4732484603975595,0.48341337036661025,0.4724499284608911,0.0605527047288211,LICHSGFIN.BO,0.4813764890384521,0.4411153968683179,0.3972612062116271,0.7695333113461358,0.8087998488055568,0.482079659040539,0.4903862816953644,0.5053822749399786
2021-06-10,0.4737885395824747,0.4815420179792764,0.4893932986159465,0.5006041530901295,0.12292196674765166,LICHSGFIN.BO,0.48995112850565536,0.45331330711959705,0.4052455911640801,0.8345067983954568,0.8223985411611152,0.4724499284608911,0.482079659040539,0.4903862816953644
2021-06-11,0.5076400181971502,0.5019797873840358,0.5051653423700196,0.4929591581303709,0.22972389569488325,LICHSGFIN.BO,0.4873401148252807,0.4638391817886395,0.4127174768839399,0.7872384640176178,0.8250111428024549,0.5006041530901295,0.4724499284608911,0.482079659040539
2021-06-14,0.49409945764362717,0.48065348314973677,0.4886458352639237,0.49634058686524013,0.14879311998007894,LICHSGFIN.BO,0.48859155377525887,0.47308315381517707,0.41988837276106983,0.7953574658864517,0.8258275053176871,0.4929591581303709,0.5006041530901295,0.4724499284608911
2021-06-15,0.5050192391916268,0.48368946574205485,0.5073330425753869,0.49266506314526054,0.10871818699186604,LICHSGFIN.BO,0.4908163283912672,0.48010570645506556,0.42573734923078155,0.7710496686228636,0.8208490721923296,0.49634058686524013,0.4929591581303709,0.5006041530901295
2021-06-16,0.47415254234946325,0.4644365250999165,0.46569791021920093,0.45319041814649125,0.39302180584303664,LICHSGFIN.BO,0.48676848390273086,0.4820962331183488,0.4295485381914671,0.5546835348605628,0.7891772668431114,0.49266506314526054,0.49634058686524013,0.4929591581303709
2021-06-17,0.45391447766608517,0.4362975757982025,0.44387119382072815,0.4342984405420481,0.2726157327790798,LICHSGFIN.BO,0.47283276026724685,0.47933338954223514,0.43205408062687356,0.47547551406742783,0.7497224133954935,0.45319041814649125,0.49266506314526054,0.49634058686524013
2021-06-18,0.43869954738720285,0.41837749680853265,0.41501805027295746,0.41672966917263493,0.2985784771353731,LICHSGFIN.BO,0.45681131882328585,0.46973112303575604,0.43314822320199564,0.410388139273697,0.7054402845749062,0.4342984405420481,0.45319041814649125,0.49266506314526054
2021-06-21,0.4038288844888931,0.3982359176729343,0.4108321191837263,0.41687669208763817,0.2844176307188997,LICHSGFIN.BO,0.4401100900141267,0.46176904832756616,0.43411627337932845,0.4110155560536942,0.668871744341122,0.41672966917263493,0.4342984405420481,0.45319041814649125
2021-06-22,0.4285804681213983,0.4088990979230579,0.4328083250406567,0.4195964931274406,0.16364805538209956,LICHSGFIN.BO,0.42475299091847996,0.45500128322835764,0.43573511372897844,0.423306906674621,0.6403595189572941,0.41687669208763817,0.41672966917263493,0.4342984405420481
2021-06-23,0.4262509038507992,0.4035675056447594,0.42234347220155544,0.40886411526281946,0.06517376315012405,LICHSGFIN.BO,0.4154367633563121,0.4481140866358353,0.43701228883018384,0.38085049861706743,0.6101383212205547,0.4195964931274406,0.41687669208763817,0.41672966917263493
2021-06-24,0.4153311161355271,0.3924600626372584,0.41187864882472214,0.39857280614320817,0.0916536157265776,LICHSGFIN.BO,0.4079281709809034,0.43706272297969473,0.4375980037930639,0.3422891625822888,0.579196228269234,0.40886411526281946,0.4195964931274406,0.41687669208763817
2021-06-25,0.4159134249295995,0.40290104650099456,0.4207736790364919,0.41327465524760837,0.3841274490488596,LICHSGFIN.BO,0.40720201757170793,0.4284318223254645,0.4385660539703967,0.4149083466127351,0.5635478774451445,0.39857280614320817,0.40886411526281946,0.4195964931274406
2021-06-28,0.4210094203621991,0.398235947867042,0.42727692971097353,0.4137893091827755,0.1935592358438047,LICHSGFIN.BO,0.40655313057139286,0.4194904115017639,0.4387206177922597,0.41740231996476096,0.5512582971979045,0.41327465524760837,0.39857280614320817,0.40886411526281946
2021-06-29,0.41329273482808127,0.4065295146272937,0.4272769020317061,0.42150779102248387,0.05794235769863944,LICHSGFIN.BO,0.4069548353148731,0.411783124334254,0.4383708201825255,0.455559500270423,0.5462095896169274,0.4137893091827755,0.41327465524760837,0.39857280614320817
2021-06-30,0.42639648798025087,0.4037155916206818,0.4306405703219093,0.416509110222578,0.050980478210614744,LICHSGFIN.BO,0.40856161296433435,0.40781004659510667,0.4373580311386863,0.43197841776833146,0.5390016491785898,0.42150779102248387,0.4137893091827755,0.41327465524760837
2021-07-01,0.421300603772757,0.40245676929374563,0.4300426217640595,0.41687669208763817,0.028235349117218988,LICHSGFIN.BO,0.41240861024668807,0.4059230375193993,0.434982647281714,0.4339714971392318,0.5335134106304866,0.416509110222578,0.42150779102248387,0.4137893091827755
2021-07-02,0.4234845891613226,0.400753652156454,0.4237637079777401,0.41048136732785606,0.030019467884192564,LICHSGFIN.BO,0.4118215343072542,0.4052462626067257,0.4297315843168169,0.4017392750238262,0.5252393064729596,0.41687669208763817,0.416509110222578,0.42150779102248387
2021-07-05,0.4175878592019503,0.4003093276332572,0.4282486049973917,0.4185673818775209,0.15169255149496272,LICHSGFIN.BO,0.4128257600070524,0.40542938699209163,0.42575769645312533,0.4490890608817074,0.5238611597380816,0.41048136732785606,0.41687669208763817,0.416509110222578
2021-07-06,0.4220285667659194,0.40001310685544356,0.42510913469410294,0.4115104294226721,0.026186951794923658,LICHSGFIN.BO,0.4107245765194616,0.40455355781584246,0.4218529554192223,0.4115992424928937,0.5185067317100417,0.4185673818775209,0.41048136732785606,0.41687669208763817
2021-07-07,0.4125647433542253,0.39186764615182357,0.41972726785437264,0.40857006943281277,0.02936354186692287,LICHSGFIN.BO,0.4090559981402341,0.40452170870773785,0.41831835105783755,0.39605473506424016,0.5126519653714715,0.4115104294226721,0.4185673818775209,0.41048136732785606
2021-07-08,0.40630408451110367,0.3949777732956805,0.41673733107000666,0.40335092799305733,0.021232921475399437,LICHSGFIN.BO,0.40621323688879374,0.4050392434040454,0.41293712951450634,0.3682883621032794,0.5050581451667062,0.40857006943281277,0.4115104294226721,0.4185673818775209
2021-07-09,0.40499365357165873,0.38194495197171363,0.4083654168832225,0.39548537408324197,0.027506913460222025,LICHSGFIN.BO,0.40306147198852227,0.4031124256052858,0.4075437039895341,0.32797839572429577,0.4945465048847353,0.40335092799305733,0.40857006943281277,0.4115104294226721
2021-07-12,0.401135339061249,0.3917195591080199,0.41292510277476613,0.40452706215798034,0.11011399755661595,LICHSGFIN.BO,0.4001105646255485,0.4021091999966181,0.40246347228893264,0.39214515804111605,0.49235798481674586,0.39548537408324197,0.40335092799305733,0.40857006943281277
2021-07-13,0.4115454745687642,0.3886093652568655,0.4114300334956702,0.40437999008787334,0.030499844247385718,LICHSGFIN.BO,0.39861193308762055,0.400254029380701,0.39757847709605576,0.39130622752449407,0.49101459741672604,0.40452706215798034,0.39548537408324197,0.40335092799305733
2021-07-14,0.4073232306725528,0.39853214687363614,0.4186807758427208,0.41893496374258116,0.04372474386685322,LICHSGFIN.BO,0.4007903623218617,0.4005167818604858,0.395683052147105,0.48855828511996435,0.4994699119313501,0.40437999008787334,0.40452706215798034,0.39548537408324197
2021-07-15,0.4258141714106911,0.40312326800804754,0.4293698941201277,0.41606809063267164,0.05675024197707073,LICHSGFIN.BO,0.4034631767320026,0.40042919947527655,0.39467432928391066,0.4698950359443217,0.5046972800388415,0.41893496374258116,0.40437999008787334,0.40452706215798034
2021-07-16,0.4176606460538692,0.3984580868739095,0.4278748659199684,0.41489190731264497,0.01774196395221424,LICHSGFIN.BO,0.407541921585422,0.4009069201243749,0.39457264212955023,0.461946569146404,0.5083849748934012,0.41606809063267164,0.41893496374258116,0.40437999008787334
2021-07-19,0.4060128919057173,0.38860947818470726,0.4138221225217955,0.4028363723680975,0.043471437164911246,LICHSGFIN.BO,0.4071865828859389,0.3992030407581906,0.39379576227929713,0.3846152550044093,0.5040747224233574,0.41489190731264497,0.41606809063267164,0.41893496374258116
2021-07-20,0.4047024547333735,0.3820189982506699,0.4055996642653791,0.39269198785328235,0.017684242462694507,LICHSGFIN.BO,0.4047300710299797,0.39716475108106486,0.3923070805080813,0.3277606736078069,0.49473308264529764,0.4028363723680975,0.41489190731264497,0.41606809063267164
2021-07-22,0.4016449155784729,0.3802418042595044,0.40829063080913697,0.39813173739819824,0.029889713792049032,LICHSGFIN.BO,0.40035777787572824,0.3960341396882928,0.39171323590376483,0.37003627728857547,0.49122443561815765,0.39269198785328235,0.4028363723680975,0.41489190731264497
2021-07-23,0.40018892646499216,0.38246328751001357,0.40701992156232725,0.3937211482583057,0.043125585264896314,LICHSGFIN.BO,0.39566103605576175,0.39499110535657267,0.39144478366575364,0.344504605981915,0.48621456293674664,0.39813173739819824,0.39269198785328235,0.4028363723680975
2021-07-26,0.39582102008012,0.37409568524425363,0.3885569326778934,0.3765933964787987,0.0401207285501459,LICHSGFIN.BO,0.3876116924604561,0.39294485074034213,0.38941513395772387,0.25718854116604595,0.4721957925041138,0.3937211482583057,0.39813173739819824,0.39269198785328235
2021-07-27,0.38242601999062953,0.36276606674586065,0.38780944529904626,0.37776957979882536,0.05036843960686418,LICHSGFIN.BO,0.3823433093868247,0.39004665644101943,0.3874220880350576,0.26718352695020997,0.4626344158747102,0.3765933964787987,0.3937211482583057,0.39813173739819824
2021-07-28,0.3824259760754696,0.3589894515410593,0.37248585618483565,0.3622589817741478,0.07935321401363277,LICHSGFIN.BO,0.37594708882274763,0.3854843861744076,0.3841437292101896,0.1987387521204774,0.44632166541013363,0.37776957979882536,0.3765933964787987,0.3937211482583057
2021-07-29,0.37114216975751835,0.35047372900445206,0.34565095911932797,0.3360895910750061,0.22287889029720842,LICHSGFIN.BO,0.3629074551066436,0.3765111209184453,0.37969395133897454,0.11179852629383044,0.4182924880372799,0.3622589817741478,0.37776957979882536,0.3765933964787987
2021-07-30,0.3332139898359959,0.3165588901788734,0.3360830878508754,0.3291796615351606,0.18178023568495133,LICHSGFIN.BO,0.34934252551864176,0.3670999384122797,0.3748414937508162,0.09291689941725331,0.39335189872706133,0.3360895910750061,0.3622589817741478,0.37776957979882536
2021-08-02,0.34005712352420436,0.3158924951461827,0.336382128312132,0.32506316738037827,0.10194950753074623,LICHSGFIN.BO,0.33851222140166204,0.3573702807975392,0.37011512856044704,0.08180950209482737,0.37284843339910656,0.3291796615351606,0.3360895910750061,0.3622589817741478
2021-08-03,0.33030207689287805,0.30663627608338284,0.33369115142724604,0.3223433171854721,0.0471117073014822,LICHSGFIN.BO,0.3268630731119525,0.34865180308225685,0.3647908525851167,0.07433536207527039,0.35692149263484635,0.32506316738037827,0.3291796615351606,0.3360895910750061
2021-08-04,0.32724448344057044,0.3158924750357114,0.3389235471128452,0.3279300404902877,0.1685744175496226,LICHSGFIN.BO,0.31964802903737566,0.34163721538147296,0.36016617726896116,0.12722686987878232,0.3499151077537928,0.3223433171854721,0.32506316738037827,0.3291796615351606
2021-08-05,0.3343787537989491,0.3109311189394829,0.33242036920225837,0.3256512098852879,0.11513147381090154,LICHSGFIN.BO,0.3174541547862504,0.3337866019033351,0.35557810573816917,0.11952158931908977,0.34509776273628345,0.3279300404902877,0.3223433171854721,0.32506316738037827
2021-08-06,0.3303020483346618,0.31041277217562524,0.33451338887381066,0.3218287124054086,0.04407488910079937,LICHSGFIN.BO,0.31590917786655526,0.32599968664140644,0.3510673133984553,0.106373675400695,0.3410926742672854,0.3256512098852879,0.3279300404902877,0.3223433171854721
2021-08-09,0.3265165365900895,0.30796917277001334,0.3315981964184962,0.3233724775904954,0.08531522373278672,LICHSGFIN.BO,0.315553839167072,0.32023514715086565,0.3470771580923311,0.1228640347761257,0.3410988779413353,0.3218287124054086,0.3256512098852879,0.3279300404902877
2021-08-10,0.3253517188001518,0.3027856263736952,0.3173958317318025,0.30815592539582454,0.10348127366998477,LICHSGFIN.BO,0.31257202110810023,0.3126950544905124,0.34174474431600443,0.07096229186946926,0.33384954340944706,0.3233724775904954,0.3218287124054086,0.3256512098852879
2021-08-11,0.3142862941208696,0.28967879701235977,0.30416525578503206,0.3044804508309485,0.12216967923548125,LICHSGFIN.BO,0.30764353171706793,0.30643686447266383,0.33621709675180655,0.05975153549616538,0.32815844892748125,0.30815592539582454,0.3233724775904954,0.3218287124054086
2021-08-12,0.3099184076049305,0.2941218334725315,0.3173958815238017,0.31403674368575046,0.08856241529609932,LICHSGFIN.BO,0.3052024752091078,0.3040482452547011,0.33041286186845464,0.16032907824491963,0.3319621343324012,0.3044804508309485,0.30815592539582454,0.3233724775904954
2021-08-13,0.31625186459892374,0.297083776719578,0.3216565327339632,0.3117579130807507,0.17195422542769953,LICHSGFIN.BO,0.30308585703574786,0.3021612361789938,0.3246411645898212,0.15114887763072613,0.3358188098913259,0.31403674368575046,0.3044804508309485,0.30815592539582454
2021-08-16,0.31574229670904064,0.2911598208370505,0.3157513767243547,0.3038188722909854,0.05359559561183109,LICHSGFIN.BO,0.2989762014863303,0.2998601940220832,0.3184952644580247,0.12009071604538549,0.33616141736974264,0.3117579130807507,0.31403674368575046,0.3044804508309485
2021-08-17,0.311956757038248,0.2873092271036982,0.30483804910431,0.2954388119113139,0.07206265596131801,LICHSGFIN.BO,0.2963033974073045,0.2969460751687082,0.3125527359150957,0.09016359619490091,0.3334733216182917,0.3038188722909854,0.3117579130807507,0.31403674368575046
2021-08-18,0.29768825940081,0.2776828008373682,0.30341785625674733,0.29168985046648804,0.1780450351647901,LICHSGFIN.BO,0.29361514831139457,0.293020776415875,0.30696407932210557,0.07741167116355416,0.33131454291856266,0.2954388119113139,0.3038188722909854,0.3117579130807507
2021-08-20,0.2904083546773597,0.26872276231048287,0.28973877554674343,0.27809055033685376,0.16724491514225484,LICHSGFIN.BO,0.28606020022310363,0.2878693189459557,0.30032195283985486,0.0356048989242366,0.32348385397598955,0.29168985046648804,0.2954388119113139,0.3038188722909854
2021-08-23,0.2824732238675963,0.2628727630398432,0.27486366517637495,0.266181989152206,0.15830905612007595,LICHSGFIN.BO,0.27648133505610184,0.2818420322997873,0.2932649480987263,0.004929199320564542,0.3123475455626348,0.27809055033685376,0.29168985046648804,0.2954388119113139
2021-08-24,0.26798631627302827,0.2600589116202603,0.2780779425692187,0.2817660249017297,0.4052253690239773,LICHSGFIN.BO,0.27184640429701656,0.2773354953102801,0.2880179540343274,0.1606022205176639,0.3158048726715774,0.266181989152206,0.27809055033685376,0.29168985046648804
2021-08-25,0.28764200540240803,0.2767201372570811,0.2972884045298395,0.29110175880647476,0.14770165908734215,LICHSGFIN.BO,0.2709348693607525,0.2754883002817822,0.283222444734023,0.24096437331950668,0.3267800700353378,0.2817660249017297,0.266181989152206,0.27809055033685376
2021-08-26,0.29346586974553157,0.27857134016446317,0.3008763499993149,0.29330700422131745,0.17599950006511556,LICHSGFIN.BO,0.27127475271223667,0.2742780661187485,0.2794071895926926,0.2594372046550053,0.33909645843652997,0.29110175880647476,0.2817660249017297,0.266181989152206
2021-08-27,0.3011825731002856,0.2790897444715401,0.3049128145030571,0.29573285774132047,0.052954934781872395,LICHSGFIN.BO,0.2749827035181739,0.2722955097187272,0.27717416829579533,0.28040790874284616,0.3524601466406141,0.29330700422131745,0.29110175880647476,0.2817660249017297
2021-08-30,0.3040945270984873,0.28819787065722136,0.3114159878271714,0.3098467134959147,0.07847689685456045,LICHSGFIN.BO,0.2841598846039253,0.27208850116436123,0.2761044364038088,0.3928820449975231,0.3737433942158992,0.29573285774132047,0.29330700422131745,0.29110175880647476
2021-08-31,0.31559673189939585,0.30086037881814665,0.3194141383550373,0.3169771528307133,0.2973267317758708,LICHSGFIN.BO,0.2915603411989157,0.2735137194691798,0.27565702054021235,0.4430849745893578,0.396656320403858,0.3098467134959147,0.29573285774132047,0.29330700422131745
2021-09-01,0.3164702981479308,0.3059698084115948,0.32786073756387246,0.3258717688353448,0.12648972724449534,LICHSGFIN.BO,0.2988680863681419,0.2768100169714963,0.2758522570479368,0.5013079255283724,0.42167945185838646,0.3169771528307133,0.3098467134959147,0.29573285774132047
2021-09-02,0.3303020483130319,0.31115327083023825,0.336157830344077,0.32778301757528444,0.0939338530811588,LICHSGFIN.BO,0.30611404113871676,0.2807193911702772,0.27584412196679386,0.5135042178194521,0.44373818440383433,0.3258717688353448,0.3169771528307133,0.3098467134959147
2021-09-03,0.3303020183475682,0.31278234613604283,0.3354103099140423,0.3249896313453248,0.37751666886898794,LICHSGFIN.BO,0.3122630484526141,0.2857991908090395,0.2758075154615771,0.4927077737784944,0.4603042122857034,0.32778301757528444,0.3258717688353448,0.3169771528307133
2021-09-06,0.3270261026822774,0.30522928309015707,0.3333921555262488,0.3206525782404857,0.0439794816801056,LICHSGFIN.BO,0.31453415811927465,0.2916990863469465,0.2757424375322868,0.46035816052526857,0.4714203507429885,0.3249896313453248,0.32778301757528444,0.3258717688353448
2021-09-07,0.3271717451449546,0.33055438516131586,0.33204667350162276,0.3492478716147341,0.13054931299501543,LICHSGFIN.BO,0.321316617747718,0.2990082756356197,0.27717417645535525,0.6319405211805259,0.49857141054859727,0.3206525782404857,0.3249896313453248,0.32778301757528444
2021-09-08,0.3554175984816319,0.3326276860276417,0.34953787407407555,0.34064715397479844,0.17044869632915177,LICHSGFIN.BO,0.3244220166039924,0.30437470659900956,0.2789719831504437,0.5692662335800677,0.5148993645520779,0.3492478716147341,0.3206525782404857,0.3249896313453248
2021-09-09,0.34340582989621216,0.33136886789476316,0.3452772098473097,0.34204384708977825,0.09609626227118319,LICHSGFIN.BO,0.32741926934873333,0.3096535605013473,0.28105044334533125,0.5768454593786914,0.528764067046761,0.34064715397479844,0.3492478716147341,0.3206525782404857
2021-09-13,0.3436242174915909,0.3237417406569698,0.3512571297401579,0.34204384708977825,0.07810433087675125,LICHSGFIN.BO,0.33100361869513817,0.31466966192390033,0.28260013414533947,0.5768454593786914,0.5396743511811157,0.34204384708977825,0.34064715397479844,0.3492478716147341
2021-09-14,0.3491569935775113,0.32670377463752465,0.3526774179992067,0.3423379420748886,0.03792254157736134,LICHSGFIN.BO,0.33556131403868816,0.31818889785879223,0.2842921902252761,0.5786681404744886,0.5483280449329013,0.34204384708977825,0.34204384708977825,0.34064715397479844
2021-09-15,0.3455898491496332,0.3255930430575892,0.3546956666720461,0.3443227268498817,0.059884375746861215,LICHSGFIN.BO,0.33452617764289183,0.32115079037432426,0.28653335204302266,0.5915945795640499,0.5561640529080446,0.3423379420748886,0.34204384708977825,0.34204384708977825
2021-09-16,0.35263779079782187,0.3340552588748663,0.3602671232029665,0.3517501613209058,0.11564190351161323,LICHSGFIN.BO,0.3368597388995618,0.3239537674470766,0.28964917515608124,0.6385532379244223,0.5666467824626782,0.3443227268498817,0.3423379420748886,0.34204384708977825
2021-09-17,0.3546438279165455,0.3379851764372819,0.36156400108056375,0.35295052895192597,0.15733017598375784,LICHSGFIN.BO,0.33915203768303115,0.3266797465590451,0.29303885485560666,0.6459785425942669,0.5752203772893617,0.3517501613209058,0.3443227268498817,0.3423379420748886
2021-09-20,0.35152332874677317,0.3302764744112825,0.3411184198623145,0.3324688261404875,0.09785891436850067,LICHSGFIN.BO,0.337139619135285,0.3274898436910516,0.2960477170188063,0.4674189727549345,0.5687487988247223,0.35295052895192597,0.3517501613209058,0.3443227268498817
2021-09-21,0.3329483716780851,0.3180330594726357,0.33265013072933347,0.33734535650783476,0.11547589459960605,LICHSGFIN.BO,0.3360903084497462,0.32929789551614175,0.2999853329192339,0.502389567621713,0.5662958662838773,0.3324688261404875,0.35295052895192597,0.3517501613209058
2021-09-22,0.3440933203447243,0.3574083221883979,0.35271442488493643,0.37163172947193773,0.40683059887715006,LICHSGFIN.BO,0.3418299453328535,0.33172236760839013,0.3049577877139942,0.6864741202056382,0.5852654705603464,0.33734535650783476,0.3324688261404875,0.35295052895192597
2021-09-23,0.3818373946271676,0.3690470406072994,0.38986749200431037,0.3864866475690896,0.09303940851215467,LICHSGFIN.BO,0.34913064468166843,0.3366873997155069,0.3102356303542284,0.7422364996583605,0.6087475257424635,0.37163172947193773,0.33734535650783476,0.3324688261404875
2021-09-24,0.39313103525251536,0.36987847592517464,0.38063655140505837,0.3704314109960212,0.2200615091641213,LICHSGFIN.BO,0.3528046681060355,0.33976215371442275,0.3145030828612113,0.6282594014537461,0.6163204996870859,0.3864866475690896,0.37163172947193773,0.33734535650783476
2021-09-27,0.37975709888508025,0.3602046870380482,0.38231490707549,0.3781589373748004,0.12338278458960258,LICHSGFIN.BO,0.36240753245311863,0.343673902487295,0.31906388786293005,0.6596331930942219,0.626097784007494,0.3704314109960212,0.3864866475690896,0.37163172947193773
2021-09-28,0.38228321908494733,0.368820275282867,0.38940977205646554,0.38311052758541403,0.06618889810630581,LICHSGFIN.BO,0.3720261724127648,0.34809012047481513,0.3231177258136151,0.6793022481534217,0.635768459929176,0.3781589373748004,0.3704314109960212,0.3864866475690896
2021-09-29,0.3797570244336449,0.3644368649402545,0.3836117684139524,0.37845898012745177,0.030905325785334257,LICHSGFIN.BO,0.37346108163354164,0.35178753465307544,0.32651964213302076,0.6454890003585757,0.639287550051894,0.38311052758541403,0.3781589373748004,0.3704314109960212
2021-09-30,0.3784197052914723,0.35710601855404944,0.3785766737437881,0.3664550580417319,0.0998505442754832,LICHSGFIN.BO,0.3692509663221304,0.3533802722386371,0.32876519923365854,0.5632615699148853,0.6333854535966856,0.37845898012745177,0.38311052758541403,0.3781589373748004
2021-10-01,0.3662346093782721,0.349321705695825,0.37316015000576264,0.3676554748278557,0.07091919802430313,LICHSGFIN.BO,0.36866753726628176,0.3549730151483559,0.33097142453609885,0.569366298315236,0.6283614098675658,0.3664550580417319,0.37845898012745177,0.38311052758541403
2021-10-04,0.3752991120626292,0.3744130037497666,0.38521389330995914,0.39346401791113667,0.11509140269421016,LICHSGFIN.BO,0.371884264217501,0.361579612686308,0.33476025358301775,0.6834404970577866,0.6393496063798845,0.3676554748278557,0.3664550580417319,0.37845898012745177
2021-10-05,0.39268520019331576,0.38076142440171556,0.40070071556400944,0.39744032171032234,0.12905189352722665,LICHSGFIN.BO,0.3748960115165485,0.3680887036101129,0.33900907781492606,0.6984077997264735,0.6492129102712588,0.39346401791113667,0.3676554748278557,0.3664550580417319
2021-10-06,0.40241838262382823,0.3829530783503068,0.39284284070990494,0.3807847538564329,0.10128928817954531,LICHSGFIN.BO,0.3753848282214779,0.369080098941581,0.3407540785586971,0.5862071195069488,0.6452823286827531,0.39744032171032234,0.39346401791113667,0.3676554748278557
2021-10-07,0.39164496920269276,0.37683142668657577,0.39993779650694405,0.39106318433888904,0.07832853831538163,LICHSGFIN.BO,0.38055681166129984,0.36957579926939366,0.3435437015090279,0.6299721114778682,0.6472994051778429,0.3807847538564329,0.39744032171032234,0.39346401791113667
2021-10-08,0.4008581214425192,0.37811623269354233,0.4024553516934485,0.38903750251766295,0.02614401845561146,LICHSGFIN.BO,0.3850507536943538,0.37159108858760737,0.3461439573949999,0.6165675619090472,0.6463197840597588,0.39106318433888904,0.3807847538564329,0.39744032171032234
2021-10-11,0.39461691477655925,0.3741106182840904,0.4014635595321374,0.3912882164033776,0.022478465352556657,LICHSGFIN.BO,0.38459345722120586,0.3730131656397042,0.3488687499226881,0.6267725275315433,0.6456565924184331,0.38903750251766295,0.39106318433888904,0.3807847538564329
2021-10-12,0.394616984578371,0.37736050750065586,0.40352346567021957,0.39428928294623894,0.02627377254775499,LICHSGFIN.BO,0.38393119142700116,0.37422397481171066,0.35174332477018355,0.6408028496926782,0.6457143973691384,0.3912882164033776,0.38903750251766295,0.39106318433888904
2021-10-13,0.39342818853121686,0.3855982733398109,0.4068802143481288,0.39601482370460633,0.10511846500908995,LICHSGFIN.BO,0.3871321530967722,0.3761255081881384,0.3546035551115111,0.6491430502822043,0.6455450818535178,0.39428928294623894,0.3912882164033776,0.38903750251766295
2021-10-14,0.402046917165751,0.3789475762405927,0.40245537417711463,0.39068808174297126,0.05910012674875839,LICHSGFIN.BO,0.3870533163584161,0.3787502697484222,0.3567580705635035,0.6056785574838828,0.6408244671027791,0.39601482370460633,0.39428928294623894,0.3912882164033776
2021-10-18,0.3922393256697767,0.39360934235286893,0.40565950363462877,0.408919070668695,0.08707596768169032,LICHSGFIN.BO,0.39123190110693107,0.38321967074176944,0.3598549254198281,0.6935269207706938,0.6472071962957153,0.39068808174297126,0.39601482370460633,0.39428928294623894
2021-10-19,0.41839280675184165,0.3978416571086757,0.4020739303052001,0.3914383360899106,0.13757273026938763,LICHSGFIN.BO,0.3912634523320574,0.3830002622253882,0.3631178300383925,0.5661131614344234,0.6400605866681457,0.408919070668695,0.39068808174297126,0.39601482370460633
2021-10-20,0.3917192184351057,0.3745641047752212,0.38826542782027007,0.3791341746311247,0.11460816410839618,LICHSGFIN.BO,0.3880782456126196,0.3810174609141378,0.3654300915405786,0.4903474550212099,0.6256070926102137,0.3914383360899106,0.408919070668695,0.39068808174297126
2021-10-21,0.3842150720735841,0.3688959667594158,0.3901727567566903,0.3863366753478676,0.0685583413992357,LICHSGFIN.BO,0.3860441523856608,0.3816188084923884,0.36624374652695135,0.528852884678426,0.6176956129548774,0.3791341746311247,0.3914383360899106,0.408919070668695
2021-10-22,0.34706529594167546,0.32755568019139947,0.3453142974097271,0.3383957027625292,0.2970696087771011,LICHSGFIN.BO,0.3750536643310306,0.3759142136872623,0.36358277535634076,0.3078710008443313,0.5807884071482426,0.3863366753478676,0.3791341746311247,0.3914383360899106
2021-10-25,0.341121337079629,0.31871324275741364,0.330666637077213,0.32684189396089,0.07923538584907595,LICHSGFIN.BO,0.3578031921254672,0.36917759490741386,0.361170877469163,0.2696263419531951,0.5441591971357944,0.3383957027625292,0.3863366753478676,0.3791341746311247
2021-10-26,0.3288619066416998,0.31561461471392516,0.33791415421932325,0.3347194908710986,0.03638552802998464,LICHSGFIN.BO,0.34588237683643774,0.3630504430454784,0.3587672832940313,0.31361067193060266,0.5202205965793845,0.32684189396089,0.3383957027625292,0.3863366753478676
2021-10-27,0.3374806228758771,0.32438144251675416,0.3494338973633544,0.3434973635045721,0.05392522825032808,LICHSGFIN.BO,0.33839245278578434,0.3575489967807802,0.3565754052176121,0.36112256219629324,0.5070561231099381,0.3347194908710986,0.32684189396089,0.3383957027625292
2021-10-28,0.3482540675482695,0.32423030270773834,0.3411183542252799,0.33021801394456557,0.034402484790864545,LICHSGFIN.BO,0.32659778041057064,0.3504223195994002,0.3539061330548088,0.3113905694640159,0.4887984853485965,0.3434973635045721,0.3347194908710986,0.32684189396089
2021-10-29,0.3351773936925002,0.3224920726322904,0.3340234232438556,0.33584489696905945,0.05936679048959749,LICHSGFIN.BO,0.32606166786129653,0.34448206695025396,0.35221240970481515,0.34275114655090366,0.4784880994699741,0.33021801394456557,0.3434973635045721,0.3347194908710986
2021-11-01,0.340972748581859,0.32861378593131574,0.3511886435179953,0.3494993982800875,0.044295280242601986,LICHSGFIN.BO,0.3308236816656601,0.3380461192974523,0.35120779653991796,0.41499927147302573,0.4795020806189619,0.33584489696905945,0.33021801394456557,0.3434973635045721
2021-11-02,0.3522662341936792,0.34251975255803746,0.36232689781107474,0.36307888890295265,0.08016513116373679,LICHSGFIN.BO,0.33678408414461736,0.3349744107164294,0.34952652467821343,0.4798033946364285,0.4893303366025964,0.3494993982800875,0.33584489696905945,0.33021801394456557
2021-11-03,0.3671261644120174,0.34924609879716895,0.37331269045094295,0.36427930568907646,0.035811175357408125,LICHSGFIN.BO,0.34115190392608563,0.3333654291273862,0.34769165726241136,0.4854093970330303,0.49827229682976804,0.36307888890295265,0.3494993982800875,0.33584489696905945
2021-11-04,0.3708411071122616,0.34720549794109745,0.37811890983066376,0.36585482507111816,0.010067391031607049,LICHSGFIN.BO,0.34864182797673904,0.3311469699721157,0.34686555350760284,0.493183032849668,0.5066506793800026,0.36427930568907646,0.36307888890295265,0.3494993982800875
2021-11-08,0.3693551803962567,0.3548387501969442,0.379110732507706,0.3748578772343913,0.02117710813429358,LICHSGFIN.BO,0.35684133432817156,0.33509631261866357,0.3459688804397433,0.5374672909719906,0.5191001254510024,0.36585482507111816,0.36427930568907646,0.36307888890295265
2021-11-09,0.3830262637363795,0.3616405782869262,0.3866634070967542,0.3763583367731665,0.041752672481112904,LICHSGFIN.BO,0.36248637952258966,0.3404596076534887,0.3452673160465045,0.5448231752402213,0.5299426163983236,0.3748578772343913,0.36585482507111816,0.36427930568907646
2021-11-10,0.3750018961792094,0.36345444013774963,0.3839169567808055,0.3840108524637829,0.06714965083269211,LICHSGFIN.BO,0.36688572986695434,0.34579852337269845,0.3448646444891209,0.5824247449804567,0.5432193143023835,0.3763583367731665,0.3748578772343913,0.36585482507111816
2021-11-11,0.38718698952602737,0.3642857217918487,0.3787292183288197,0.36720526323356767,0.02252807721131742,LICHSGFIN.BO,0.36750068948569947,0.3483664069620894,0.34336602981374786,0.4811511516512055,0.543077874181951,0.3840108524637829,0.3763583367731665,0.3748578772343913
2021-11-12,0.3693551535252817,0.3538562397802555,0.37918697626568554,0.37245704366214377,0.052499841385163094,LICHSGFIN.BO,0.3688883028621317,0.3529414605300317,0.342062529252702,0.5089065418011225,0.5461098056440256,0.36720526323356767,0.3840108524637829,0.3763583367731665
2021-11-15,0.37232707425952016,0.35340274077168565,0.37033731440949624,0.36420424584580996,0.051480413095050116,LICHSGFIN.BO,0.36664918865854135,0.3560131584627403,0.3405971239858062,0.4615522400373798,0.5432151104639739,0.37245704366214377,0.36720526323356767,0.3840108524637829
2021-11-16,0.36489720643780565,0.34131061385351424,0.35790215861550667,0.3490492849960068,0.025985165100156325,LICHSGFIN.BO,0.3609095414443191,0.35596440515566674,0.33728440525452585,0.3834072850835075,0.5314278847402366,0.36420424584580996,0.37245704366214377,0.36720526323356767
2021-11-17,0.35107745969760173,0.3285381364862934,0.353172115828311,0.34072147649151024,0.04989140250339531,LICHSGFIN.BO,0.3518112487524985,0.3535427974599681,0.3344781368021573,0.34476160958620483,0.517043516957568,0.3490492849960068,0.36420424584580996,0.37245704366214377
2021-11-18,0.3426073229951164,0.32226533446645744,0.3447039833025458,0.3342693284319141,0.04699387913692539,LICHSGFIN.BO,0.34488897814513075,0.35029231432997543,0.33199567232178195,0.31595500690666556,0.5019519485026703,0.34072147649151024,0.3490492849960068,0.36420424584580996
2021-11-22,0.332948351967865,0.31244037488588816,0.3269283730580106,0.31881417736414847,0.06198620122474506,LICHSGFIN.BO,0.33361465303774285,0.345197181118605,0.3282595132335169,0.2531116121580591,0.48089276329362346,0.3342693284319141,0.34072147649151024,0.3490492849960068
2021-11-23,0.320317490126213,0.3098708118515059,0.3221984883327351,0.3275921483078294,0.10784616316672495,LICHSGFIN.BO,0.32591974933491774,0.34007766859161914,0.32766173028165946,0.31252983750921837,0.47043248344804695,0.31881417736414847,0.3342693284319141,0.34072147649151024
2021-11-24,0.33443437807628407,0.3152367447201707,0.3376089875747681,0.3254163959551741,0.030999779131821097,LICHSGFIN.BO,0.32095273521615264,0.3345599729992823,0.3275828545367093,0.30314066501632486,0.46159962844680025,0.3275921483078294,0.31881417736414847,0.3342693284319141
2021-11-25,0.33294844612402863,0.30866165594491024,0.3288357131766043,0.32008970314864243,0.049416750585443786,LICHSGFIN.BO,0.31661647699092554,0.3276364550066446,0.3267733582059926,0.27982701670445687,0.4521876152893236,0.3254163959551741,0.3275921483078294,0.31881417736414847
2021-11-26,0.31793991490985307,0.2933952048531364,0.3053384216184847,0.2946562135061757,0.05538973215797752,LICHSGFIN.BO,0.30829083805679225,0.3197784196534319,0.3240708766347121,0.18548422691839436,0.4299547081996541,0.32008970314864243,0.3254163959551741,0.3275921483078294
2021-11-29,0.2839107486963288,0.27223382359509984,0.28977530478590097,0.28835408682290536,0.09355174636128023,LICHSGFIN.BO,0.3018889250483653,0.31066894116080124,0.3217544591967231,0.16573824512818605,0.4097995386270268,0.2946562135061757,0.32008970314864243,0.3254163959551741
2021-11-30,0.29505563343490104,0.2809250606816587,0.29473410824418256,0.28377755005310595,0.061595030799900585,LICHSGFIN.BO,0.2926802443930625,0.3019576510576789,0.3188734654955009,0.1515031121113725,0.3925724826395126,0.28835408682290536,0.2946562135061757,0.32008970314864243
2021-12-01,0.28911168608723714,0.26981534635985294,0.29435266929595094,0.2886541787306604,0.08127948983744006,LICHSGFIN.BO,0.2849537894651111,0.2954160508302821,0.3155067739958485,0.19069263893268715,0.3837006622190687,0.28377755005310595,0.28835408682290536,0.2946562135061757
2021-12-02,0.2884429991007932,0.2731407491682053,0.29908262923280393,0.29443113228658363,0.033715074324765906,LICHSGFIN.BO,0.27956103009832434,0.2904021855537343,0.31170835202643166,0.2365775022664595,0.382034637729307,0.2886541787306604,0.28377755005310595,0.28835408682290536
2021-12-03,0.2939411652726932,0.287197909027865,0.3047280830259448,0.2990076199012793,0.055694558867094124,LICHSGFIN.BO,0.2804755817201604,0.2865828694732401,0.30809673501958945,0.27250619024333766,0.3852883884458186,0.29443113228658363,0.2886541787306604,0.28377755005310595
2021-12-06,0.3054575952699482,0.2831168288276056,0.3045755060992179,0.29375588862780705,0.047161319160242965,LICHSGFIN.BO,0.2816108989378463,0.28386872063847124,0.3041073521517951,0.2492013147973647,0.3862620885910975,0.2990076199012793,0.29443113228658363,0.2886541787306604
2021-12-07,0.30099960509717116,0.28220988156769444,0.30755080639917587,0.3015584748498526,0.018239036614028804,LICHSGFIN.BO,0.2853479834880063,0.28104892455326436,0.30005154502733955,0.31170073633488093,0.3935373176259068,0.29375588862780705,0.2990076199012793,0.29443113228658363
2021-12-08,0.3054575804859315,0.2906744435687888,0.31655300572130474,0.3104864180147557,0.026476513316729264,LICHSGFIN.BO,0.28993654820309445,0.2794318076520874,0.29640671589216694,0.3781186316632288,0.4063649126454205,0.3015584748498526,0.29375588862780705,0.2990076199012793
2021-12-09,0.3099155322297672,0.2978541747827044,0.32082520131842907,0.31701357676251457,0.03947482031204905,LICHSGFIN.BO,0.29468278639489487,0.2790986218972915,0.2926996184361359,0.4237129880788111,0.42190700514411006,0.3104864180147557,0.3015584748498526,0.29375588862780705
2021-12-10,0.32031750253115576,0.29581365104344326,0.32341911977002824,0.3169386152294554,0.009204907948535328,LICHSGFIN.BO,0.2984514118390663,0.2815121049291708,0.2899182611199054,0.4232436999092335,0.4353027213634575,0.31701357676251457,0.3104864180147557,0.3015584748498526
2021-12-13,0.3223978370646978,0.3023131518670219,0.3212829715151171,0.30958614229149045,0.032721406038240246,LICHSGFIN.BO,0.30177851642265285,0.2838118213709496,0.28643948446682554,0.3771069225902459,0.4423491271931377,0.3169386152294554,0.31701357676251457,0.3104864180147557
2021-12-14,0.3069435620947313,0.2844016120589159,0.3106023994547814,0.3049345948335282,0.03974100701578468,LICHSGFIN.BO,0.3024880883923172,0.2861034131489091,0.28315997242416924,0.3491373623713484,0.44601637416954104,0.30958614229149045,0.3169386152294554,0.31701357676251457
2021-12-15,0.30709220694517014,0.28440164966459225,0.3121282337087834,0.3007332098147503,0.01290051438910867,LICHSGFIN.BO,0.30043821955279537,0.28741173425921984,0.2804865443255631,0.324228329398506,0.4472736239435659,0.3049345948335282,0.30958614229149045,0.3169386152294554
2021-12-16,0.30516037995922407,0.2822099047309903,0.2991589465256652,0.29037976864413145,0.0369255340311114,LICHSGFIN.BO,0.2948404908649518,0.28697291722645746,0.27770103379338285,0.26717841435944456,0.442811593106859,0.3007332098147503,0.3049345948335282,0.30958614229149045
2021-12-17,0.29096915330355,0.26883284377744,0.2814596483125442,0.2721486814082003,0.06709669971420706,LICHSGFIN.BO,0.28542682022636234,0.28406373386676564,0.27426377026082627,0.18521950955319985,0.4290321472213832,0.29037976864413145,0.3007332098147503,0.3049345948335282
2021-12-20,0.2721714347322335,0.24684019862331252,0.24766329548731214,0.2462651276367565,0.04333214233069834,LICHSGFIN.BO,0.27211840189201564,0.27891984734832154,0.27024948169660057,0.1003847278343454,0.40336211940766964,0.2721486814082003,0.29037976864413145,0.3007332098147503
2021-12-21,0.25225920907773536,0.23535261636348515,0.24972315432805614,0.24116346689471352,0.05524662102693685,LICHSGFIN.BO,0.25871538153786466,0.2723782577692391,0.26546720448247485,0.08647083387180285,0.3815618758679524,0.2462651276367565,0.2721486814082003,0.29037976864413145
2021-12-22,0.24304601425440386,0.23195163902948712,0.25246952728473415,0.25346748088818843,0.030641047230012503,LICHSGFIN.BO,0.24878136363144931,0.2662023419519156,0.2614861226068732,0.1895003860582852,0.3738405523845769,0.24116346689471352,0.2462651276367565,0.2721486814082003
2021-12-23,0.2579059316239207,0.2542466715452638,0.26772751954190654,0.27072323255758796,0.06988307343556874,LICHSGFIN.BO,0.24465007472727918,0.26118847667536793,0.25875457396365187,0.31304726209798706,0.38030980669326653,0.25346748088818843,0.24116346689471352,0.2462651276367565
2021-12-24,0.27484622123772184,0.25492689620502385,0.27001623382411666,0.25946951566370385,0.04165440283779832,LICHSGFIN.BO,0.24198524626901208,0.2549638022268138,0.2568076213944225,0.2680166355907482,0.3801358382814761,0.27072323255758796,0.25346748088818843,0.24116346689471352
2021-12-27,0.2614723197814365,0.25190384831465384,0.2632264229490997,0.27304905544167274,0.08232276998272649,LICHSGFIN.BO,0.2476145261819821,0.251006345564761,0.2559607624392789,0.3545652379908263,0.39016577387847695,0.25946951566370385,0.27072323255758796,0.25346748088818843
2021-12-28,0.27566354417283245,0.26006607712679986,0.2859608318840715,0.28115173357147344,0.05318248148022705,LICHSGFIN.BO,0.2560190121855863,0.24843034263570773,0.2558154705972274,0.40206018601454896,0.40467803674909897,0.27304905544167274,0.25946951566370385,0.27072323255758796
2021-12-29,0.28591685270251577,0.26142643120368503,0.28519792338465566,0.2742494230726929,0.043823013510167805,LICHSGFIN.BO,0.2603868319670547,0.2455617932434273,0.2550184257547998,0.3696360511564154,0.4132275130120553,0.28115173357147344,0.27304905544167274,0.25946951566370385
2021-12-30,0.27573783000411234,0.2534909341336573,0.27886584345713306,0.26832249729554764,0.038543166848974346,LICHSGFIN.BO,0.25988226031179196,0.24317269485132065,0.2535737811279456,0.3423989724953448,0.4176129959191003,0.2742494230726929,0.28115173357147344,0.27304905544167274
2021-12-31,0.27677800847183787,0.26180429403867345,0.2834432013096876,0.2801013381616753,0.020012660564726066,LICHSGFIN.BO,0.2642185288681339,0.24403407426504964,0.2525276575623785,0.41503621798441925,0.429670894934579,0.26832249729554764,0.2742494230726929,0.28115173357147344
2022-01-03,0.28911172779259087,0.2738209701537988,0.29450525415344353,0.2946562135061757,0.04290853338281798,LICHSGFIN.BO,0.2687597874077625,0.24927547804595518,0.2525774743949477,0.4942953434791939,0.4493248053633921,0.2801013381616753,0.26832249729554764,0.2742494230726929
2022-01-04,0.2969131280217209,0.2769195343386893,0.2993877777859353,0.294731175039235,0.026220821429269948,LICHSGFIN.BO,0.271613830236753,0.25507757946522847,0.2521997058141422,0.4946895393672891,0.4657225911088557,0.2946562135061757,0.2801013381616753,0.26832249729554764
2022-01-05,0.29802770729269634,0.27903575106712986,0.30663540181774007,0.29728212829801554,0.048785630497554466,LICHSGFIN.BO,0.2764547014417025,0.2598232935666356,0.25146908522837574,0.5088324285360963,0.4809185351941443,0.294731175039235,0.2946562135061757,0.2801013381616753
2022-01-06,0.29802762534632143,0.2759370571175034,0.3009135799468987,0.29548142938617444,0.018798124099294322,LICHSGFIN.BO,0.2821627974307984,0.26250493842196965,0.25027766710090393,0.4972263817185675,0.49229989694269666,0.29728212829801554,0.294731175039235,0.2946562135061757
2022-01-07,0.2995136067504397,0.2759370489757913,0.2972516688862258,0.28992960620494707,0.037051471826427186,LICHSGFIN.BO,0.28422844188288354,0.26580417485903607,0.24878320292162726,0.46111639484429223,0.4982357000268006,0.29548142938617444,0.29728212829801554,0.294731175039235
2022-01-10,0.29802763062460447,0.27827990930070357,0.3046518061521982,0.29623168373311387,0.048182655598769816,LICHSGFIN.BO,0.28455956444887087,0.2683151645050623,0.24804427318410827,0.5015996308967485,0.5071916379413743,0.28992960620494707,0.29548142938617444,0.29728212829801554
2022-01-11,0.3009995790762475,0.27623930914514927,0.3005321055257437,0.2890292813265783,0.042780687439088326,LICHSGFIN.BO,0.2833611757742772,0.2691684086066576,0.24716419938078082,0.4533207420548374,0.5100334428767581,0.29623168373311387,0.28992960620494707,0.29548142938617444
2022-01-12,0.29208368059246703,0.2852329459081008,0.302820839118462,0.29833242539760635,0.08227745145789694,LICHSGFIN.BO,0.2835819207078971,0.2717769208393027,0.24703135902701845,0.5134884392211866,0.5182927435637837,0.2890292813265783,0.29623168373311387,0.28992960620494707
2022-01-13,0.3039715609839666,0.27918680637636073,0.3073981941980649,0.29585653198209233,0.036385050992881175,LICHSGFIN.BO,0.2836607574462532,0.2747592261733691,0.24733439963911685,0.49595382285448986,0.5233946009088368,0.29833242539760635,0.2890292813265783,0.29623168373311387
2022-01-14,0.299513660504802,0.27465229739170516,0.3022105628815549,0.29405602969066563,0.038681984646083786,LICHSGFIN.BO,0.2845280235548595,0.27627070647242236,0.2485465784066302,0.48277455298711724,0.5263835543958443,0.29585653198209233,0.29833242539760635,0.2890292813265783
2022-01-17,0.29914217516573915,0.29165697828227355,0.3061776565158285,0.3098112726661863,0.08973926583035702,LICHSGFIN.BO,0.287382097377195,0.2779122026892148,0.2520627176841368,0.5832584427207872,0.5385747434998998,0.29405602969066563,0.29585653198209233,0.29833242539760635
2022-01-18,0.3202432096798501,0.295738081478058,0.3043466470972248,0.29443113228658363,0.08920212205185107,LICHSGFIN.BO,0.28851742492599586,0.27787970403393714,0.25501012748246044,0.4745592609160344,0.5385201215095371,0.3098112726661863,0.29405602969066563,0.29585653198209233
2022-01-19,0.29654167338759085,0.27162923701872,0.289546412287471,0.2824271610457601,0.19916585292087433,LICHSGFIN.BO,0.2851745550609609,0.2762707117965796,0.2566125263190683,0.40298113184677986,0.5309664244244621,0.29443113228658363,0.3098112726661863,0.29405602969066563
2022-01-20,0.2848023608071871,0.26308911928308143,0.2840535759195145,0.276275104893919,0.06173766489383778,LICHSGFIN.BO,0.2810590521004689,0.2741904091953391,0.2569197228669696,0.3692250044131127,0.5212540345458246,0.2824271610457601,0.29443113228658363,0.3098112726661863
2022-01-21,0.2765551267747559,0.2535665131045477,0.26116665640500925,0.25369266041798794,0.11608268579521847,LICHSGFIN.BO,0.2725757293585085,0.27026546183687816,0.2566000775506325,0.26418359182250417,0.49976751616844023,0.276275104893919,0.2824271610457601,0.29443113228658363
2022-01-24,0.25790599689559646,0.23625958820765547,0.23637247552483887,0.23298577807674997,0.15763214047025365,LICHSGFIN.BO,0.25642902314550453,0.2634150817910865,0.2543832937777819,0.19044392164390503,0.47046472567472264,0.25369266041798794,0.276275104893919,0.2824271610457601
2022-01-25,0.23583891763559517,0.22159763650431996,0.2337022059834658,0.23801232982042292,0.09678224162597142,LICHSGFIN.BO,0.244571268982268,0.2578892615349302,0.25199630158703545,0.22647873074008137,0.4513372121272503,0.23298577807674997,0.25369266041798794,0.276275104893919
2022-01-27,0.24081701766010877,0.2246963200079627,0.23217643598189486,0.24378928337634603,0.17359809528625328,LICHSGFIN.BO,0.23645059936919144,0.25198150754106174,0.25031087922923456,0.26762178792989155,0.4408653135361636,0.23801232982042292,0.23298577807674997,0.25369266041798794
2022-01-28,0.2653358932925953,0.29830766160033184,0.2734492725900638,0.3007332098147503,0.4101169074829471,LICHSGFIN.BO,0.241591052246117,0.2525097171724663,0.25210423080466005,0.5549015243512849,0.46903856426699436,0.24378928337634603,0.23801232982042292,0.23298577807674997
2022-01-31,0.31585954137372085,0.2930173260802098,0.31212823923892463,0.30350914598291584,0.16737180701177756,LICHSGFIN.BO,0.25206117237069137,0.25353361648336903,0.25339943309336654,0.56509879901283,0.49356209210525676,0.3007332098147503,0.24378928337634603,0.23801232982042292
2022-02-01,0.31288752407631204,0.29709842535350295,0.31022095467786215,0.30703528734291713,0.2002682856669909,LICHSGFIN.BO,0.2676244391967316,0.2532329400321651,0.2540843927823667,0.5785262369110661,0.5154121125698821,0.30350914598291584,0.3007332098147503,0.24378928337634603
2022-02-02,0.3137048182470189,0.3121381001425467,0.32364796672991225,0.330968268291505,0.171219111251254,LICHSGFIN.BO,0.28716134211246,0.2571904020183752,0.2560894658962114,0.6614463945621535,0.5475790472350733,0.30703528734291713,0.30350914598291584,0.3007332098147503
2022-02-03,0.3381493462616748,0.3139519329514693,0.335549193696668,0.32466614160823454,0.061533015976449626,LICHSGFIN.BO,0.30415953882150715,0.26176545026216047,0.25760467983611646,0.6275178651826945,0.5687043879941982,0.330968268291505,0.30703528734291713,0.30350914598291584
2022-02-04,0.32403249712690074,0.3085860861016867,0.33028522712904473,0.3179139507959871,0.18608215628403363,LICHSGFIN.BO,0.3077704804578515,0.2662754958712332,0.2588459175160107,0.5913820880436422,0.5806589397692321,0.32466614160823454,0.330968268291505,0.30703528734291713
2022-02-07,0.3212833753620191,0.3014818621481825,0.31868912873951494,0.30936106107189826,0.044017644648383106,LICHSGFIN.BO,0.30900039969534165,0.27230513047070726,0.25992109999395874,0.5466361390070515,0.5841750000913637,0.3179139507959871,0.32466614160823454,0.330968268291505
2022-02-08,0.31288749815848793,0.29384862715328575,0.3073981953698267,0.30733537925067217,0.09912640195241745,LICHSGFIN.BO,0.3090634711522495,0.2803581897005287,0.260535490369908,0.5359755024016798,0.5850891629413206,0.30936106107189826,0.3179139507959871,0.32466614160823454
2022-02-09,0.3094697540740303,0.29279055423947775,0.3178499260340024,0.313637456778839,0.04972634766559508,LICHSGFIN.BO,0.3054209886218938,0.28854940548438024,0.26189711147556904,0.5639019651857452,0.589120984285957,0.30733537925067217,0.30936106107189826,0.3179139507959871
2022-02-10,0.31734553170136004,0.31531233632590316,0.3269284423669109,0.3305931656955871,0.2631575181286025,LICHSGFIN.BO,0.3066666938030621,0.2979514304402382,0.26368216477865514,0.6327710374610069,0.6021590560760041,0.313637456778839,0.30733537925067217,0.30936106107189826
2022-02-11,0.33146242424216443,0.3130450392857005,0.3227324931230279,0.3115368134245537,0.15381727475381307,LICHSGFIN.BO,0.30532638660208944,0.29912160564483325,0.2645497870936936,0.5285800402000143,0.5997625911210902,0.3305931656955871,0.313637456778839,0.30733537925067217
2022-02-15,0.273508803761928,0.2861398609096869,0.27703487248990744,0.30636004368414055,0.2639889937999488,LICHSGFIN.BO,0.30469565137078125,0.2994303961115423,0.26523059356674417,0.5025975954604759,0.5939118403163317,0.3115368134245537,0.3305931656955871,0.313637456778839
2022-02-16,0.30857819123547325,0.3030689539566285,0.319757212950063,0.31146180273639085,0.16651647948525788,LICHSGFIN.BO,0.3055629174793876,0.2999098471117161,0.2653219207999834,0.5260024664583288,0.5917982863516329,0.30636004368414055,0.3115368134245537,0.3305931656955871
2022-02-17,0.3202432060177266,0.2987611297553564,0.31083128021109263,0.30185856675760764,0.06616886254796012,LICHSGFIN.BO,0.3030873033918441,0.29675687592002764,0.26573289606941286,0.4756882111122266,0.5835137402467832,0.31146180273639085,0.30636004368414055,0.3115368134245537
2022-02-18,0.2950556267223765,0.27691951933294345,0.29908258500708185,0.28775385385229163,0.08135199947716733,LICHSGFIN.BO,0.2940836023887129,0.2927587799664063,0.2660276329694653,0.4081988201098342,0.5676960343502647,0.30185856675760764,0.31146180273639085,0.30636004368414055
2022-02-21,0.28703133846150375,0.2718559450403665,0.2933608931022773,0.28430277233555684,0.06873341401620876,LICHSGFIN.BO,0.28835972045593883,0.2891182384348818,0.2664718203672253,0.3924574382507907,0.5527661261362461,0.28775385385229163,0.30185856675760764,0.31146180273639085
2022-02-22,0.27127983737975137,0.25643840346544167,0.274975055440695,0.2768002780212662,0.14216659757579284,LICHSGFIN.BO,0.2821470321493502,0.28559146881761477,0.2677504125119865,0.3583959517966493,0.5361884025632564,0.28430277233555684,0.28775385385229163,0.30185856675760764
2022-02-23,0.29356970088957746,0.2686061915161617,0.28176489165052043,0.27034812996167007,0.06753128051546721,LICHSGFIN.BO,0.27350601526844787,0.28158525352433117,0.2698177485069828,0.32992415317233104,0.519160217627559,0.2768002780212662,0.28430277233555684,0.28775385385229163
2022-02-24,0.24899004750811793,0.2348236078162924,0.23019295820721408,0.22128189874368154,0.21590890117842476,LICHSGFIN.BO,0.25657091067853854,0.2715819076110083,0.26889201924659567,0.16931453414652994,0.47553508619520063,0.27034812996167007,0.2768002780212662,0.28430277233555684
2022-02-25,0.23413008365496812,0.2204640386078367,0.24049201884887783,0.23456124830368813,0.14276909543747404,LICHSGFIN.BO,0.2453912185842998,0.2611803626598629,0.2683814130318811,0.24535962845083578,0.4502486767810394,0.22128189874368154,0.27034812996167007,0.2768002780212662
2022-02-28,0.23858806083289963,0.2196327270509102,0.23560950596434405,0.24078831514369198,0.06826162432087805,LICHSGFIN.BO,0.23624561971701974,0.2535173511832588,0.26506453836479793,0.27959731355630835,0.43524309080651097,0.23456124830368813,0.22128189874368154,0.27034812996167007
2022-03-02,0.23858805292638874,0.22363825345826305,0.24484055021026563,0.24408937528410107,0.1479473331956286,LICHSGFIN.BO,0.2293706449539965,0.24677260241543386,0.2617767198902424,0.2980486715618452,0.4266479699019527,0.24078831514369198,0.23456124830368813,0.22128189874368154
2022-03-03,0.2576830445356585,0.2321028271125255,0.24232301311320736,0.24026314201634474,0.1370413109361233,LICHSGFIN.BO,0.2230475686839255,0.239060832307599,0.25808207936220706,0.2844896954002242,0.41875142071099936,0.24408937528410107,0.24078831514369198,0.23456124830368813
2022-03-04,0.2445320276112215,0.22681248484133987,0.24789216120137791,0.23958789835756816,0.05925420973317884,LICHSGFIN.BO,0.2268950102042231,0.23231608353977395,0.2530258150086574,0.28198840356185095,0.4134470706288584,0.24026314201634474,0.24408937528410107,0.24078831514369198
2022-03-07,0.23762216802902425,0.21169720675725812,0.2192071813253389,0.22173196287265867,0.22055810478883237,LICHSGFIN.BO,0.22419863052082967,0.2251650270427784,0.24733025458272706,0.2194394000743907,0.3995750732074969,0.23958789835756816,0.24026314201634474,0.24408937528410107
2022-03-08,0.22372817180816768,0.21343546677201242,0.22805679822924618,0.23411108586450374,0.058115999204302105,LICHSGFIN.BO,0.22279525186294924,0.21972859406110712,0.24269326921065282,0.29755990535963883,0.3979066581074151,0.22173196287265867,0.23958789835756816,0.24026314201634474
2022-03-09,0.24230305851229894,0.23127147465777842,0.248502486023783,0.24724046320328813,0.06943608966961841,LICHSGFIN.BO,0.223457527988269,0.21652686956234513,0.23925600839794958,0.3726470651016539,0.40628393053317446,0.23411108586450374,0.22173196287265867,0.23958789835756816
2022-03-10,0.26637607763832394,0.24389269695068239,0.2646759137662468,0.25564323324084387,0.05361897042990107,LICHSGFIN.BO,0.22669002022093643,0.21493413197678357,0.2363957753367687,0.4174185051234415,0.4195038682459218,0.24724046320328813,0.23411108586450374,0.22173196287265867
2022-03-11,0.25344797637545746,0.23996274598041423,0.26246351512586663,0.2587192613167644,0.03610789243576576,LICHSGFIN.BO,0.23071093149273914,0.21898910057714083,0.23335703830520593,0.43374325864577234,0.43306251452409195,0.25564323324084387,0.24724046320328813,0.23411108586450374
2022-03-14,0.2652616253639155,0.23981164497808483,0.25796245654004024,0.25279233553961916,0.07308828573377608,LICHSGFIN.BO,0.23723900807721177,0.22096377190041472,0.2290521578973176,0.40491922352602483,0.44114652093009793,0.2587192613167644,0.25564323324084387,0.24724046320328813
2022-03-15,0.26013489414281854,0.23845118417246214,0.25475822450882446,0.24536480275838773,0.04523647444774607,LICHSGFIN.BO,0.23960424453238793,0.22145946690407015,0.22539072405790628,0.3696685118677766,0.4439181670956016,0.25279233553961916,0.2587192613167644,0.25564323324084387
2022-03-16,0.2504759864410363,0.24835173153481904,0.26009853727688936,0.27004803805391503,0.16161921658104644,LICHSGFIN.BO,0.24439779923076277,0.22427113832545764,0.2233815058876718,0.5016782288093358,0.4624178663546877,0.24536480275838773,0.25279233553961916,0.2587192613167644
2022-03-17,0.27350882842928415,0.2534909163647773,0.28374839453910294,0.27282397422208055,0.03772647932783564,LICHSGFIN.BO,0.24800874086710722,0.2277979132668818,0.2212435951399182,0.5148239330766158,0.4794378504234894,0.27004803805391503,0.24536480275838773,0.25279233553961916
2022-03-21,0.28019579926167015,0.25500246093153256,0.2729152453947752,0.26292069549064595,0.02568033839103972,LICHSGFIN.BO,0.24889177225716175,0.2303251682130184,0.21908908240777913,0.4623221442066834,0.48723828021261234,0.27282397422208055,0.27004803805391503,0.24536480275838773
2022-03-22,0.2647414666067466,0.2599904249329912,0.26879557003963395,0.2764251262702447,0.14611264849568734,LICHSGFIN.BO,0.2538587657136969,0.23624917153452585,0.2184622405435408,0.5286701444479444,0.5022488248927499,0.26292069549064595,0.27282397422208055,0.27004803805391503
2022-03-23,0.2831677683968583,0.26180431813426464,0.2857319204104273,0.2749996774196323,0.07610888467294097,LICHSGFIN.BO,0.26008723996396366,0.24067795453293317,0.21794748111287654,0.5206485455278894,0.5134746582270197,0.2764251262702447,0.26292069549064595,0.27282397422208055
2022-03-24,0.2773723771755906,0.2570429779468838,0.27985759773521224,0.27507468810779506,0.019775096087198567,LICHSGFIN.BO,0.2611437101121785,0.2436927744947487,0.21785200066368782,0.5210372339666036,0.5225382277095234,0.2749996774196323,0.2764251262702447,0.26292069549064595
2022-03-25,0.27722381259459217,0.25794994738221044,0.28512161316282936,0.2743244829159594,0.1320853724681852,LICHSGFIN.BO,0.2614590777278327,0.24571620444925335,0.21807202047444618,0.5162222050100781,0.5292924575998235,0.27507468810779506,0.2749996774196323,0.2764251262702447
2022-03-28,0.27662941156007315,0.2525839876290521,0.272762634442402,0.2653214799077899,0.02993264713136123,LICHSGFIN.BO,0.2619636597142103,0.24643131329344725,0.22050882133820204,0.45900519039467724,0.5290403112553141,0.2743244829159594,0.27507468810779506,0.2749996774196323
2022-03-29,0.2712798279873665,0.2516770499902805,0.27566167311763656,0.2665218475388101,0.05365808747238551,LICHSGFIN.BO,0.259882249980677,0.24791840362857076,0.2222772672171962,0.466726962065226,0.5296319545508453,0.2653214799077899,0.2743244829159594,0.27507468810779506
2022-03-30,0.2735088130541894,0.2550024265569987,0.27535649606556467,0.2651714093763606,0.12440412102812945,LICHSGFIN.BO,0.25781660552859187,0.2500637248369951,0.22362643411471494,0.4576328439691416,0.5292954065222548,0.2665218475388101,0.2653214799077899,0.2743244829159594
2022-03-31,0.2687536660612968,0.24759599671374055,0.27543280535038517,0.2650213880000349,0.07161948849219543,LICHSGFIN.BO,0.25570366523216215,0.24951927120210893,0.2247846455535627,0.456560307246751,0.5289802253179408,0.2651714093763606,0.2665218475388101,0.2653214799077899
2022-04-01,0.2654101536089063,0.26286238124115024,0.2745935987282123,0.2841527018041275,0.11192626151269419,LICHSGFIN.BO,0.2577692993531323,0.2507463243775969,0.22721314542512583,0.5823777504420791,0.5406476510962048,0.2650213880000349,0.2651714093763606,0.2665218475388101
2022-04-04,0.28762573692340254,0.28598873496613575,0.2934372228456933,0.303434135294753,0.2287898570462912,LICHSGFIN.BO,0.26577958100272636,0.25513447340859297,0.23074588940687102,0.6775692924773945,0.5616633324513264,0.2841527018041275,0.2650213880000349,0.2651714093763606
2022-04-05,0.31065853401505383,0.28651773757352805,0.31228078369243895,0.3022336693535255,0.03615893540583693,LICHSGFIN.BO,0.27328527033482786,0.25792988485402724,0.23520021487276044,0.6678746876088308,0.5770565375073529,0.303434135294753,0.2841527018041275,0.2650213880000349
2022-04-06,0.3044173992387277,0.28568641049562826,0.3077797037741198,0.3068102552784286,0.047781467394752496,LICHSGFIN.BO,0.28203666484809775,0.261375397184786,0.23922280986888533,0.6892162724274093,0.5914533706577388,0.3022336693535255,0.303434135294753,0.2841527018041275
2022-04-07,0.3127388936915526,0.2977785612255204,0.3189942636653773,0.3161883117274123,0.10134367040934077,LICHSGFIN.BO,0.292790611694315,0.26582855417465145,0.24303783654254085,0.7306111131787526,0.607884369865352,0.3068102552784286,0.3022336693535255,0.303434135294753
2022-04-08,0.3211348117368267,0.2980809738839719,0.3221222165070733,0.31266221952251466,0.33885376570704295,LICHSGFIN.BO,0.29878256539839854,0.26998104536162737,0.24619281466333398,0.6986401897925663,0.6177160172654097,0.3161883117274123,0.3068102552784286,0.3022336693535255
2022-04-11,0.3128875827044114,0.2952090782433827,0.32357173706916964,0.3139376469968013,0.04785970147972139,LICHSGFIN.BO,0.30099012837686256,0.2752468284581482,0.2492481618388419,0.7047587685744363,0.6252440870592482,0.31266221952251466,0.3161883117274123,0.3068102552784286
2022-04-12,0.31585945443974495,0.2912789919098422,0.31113639368676127,0.30568480002536397,0.058052553269540744,LICHSGFIN.BO,0.301715465627975,0.2794887015954518,0.252174810997124,0.6280361871883041,0.6249701617122982,0.3139376469968013,0.31266221952251466,0.3161883117274123
2022-04-13,0.31675113487728257,0.29218599577283855,0.31502723478637384,0.30470956276903965,0.014913133928643837,LICHSGFIN.BO,0.3012739550985053,0.28377121402432404,0.25545847897558316,0.6191487069192112,0.6231017635763408,0.30568480002536397,0.3139376469968013,0.31266221952251466
2022-04-18,0.30397158439935046,0.27971587350249216,0.297404267379772,0.29075487124004934,0.04333786677593996,LICHSGFIN.BO,0.2959285122382931,0.2865584954817818,0.2566042307665821,0.5018892775104378,0.6119528829795288,0.30470956276903965,0.30568480002536397,0.3139376469968013
2022-04-19,0.30248556091791445,0.2856863381780941,0.2967176061901585,0.2943560232882135,0.02942698780168423,LICHSGFIN.BO,0.29208102939353564,0.287663652079193,0.25779564345434736,0.5266393895550465,0.6045517896489774,0.29075487124004934,0.30470956276903965,0.30568480002536397
2022-04-20,0.2966159624917192,0.27654170464147754,0.2977857607380535,0.29000466604821357,0.06205489456764457,LICHSGFIN.BO,0.28705094381786267,0.2862090603993471,0.25929425540986706,0.4917636260908619,0.5952375476160342,0.2943560232882135,0.29075487124004934,0.30470956276903965
2022-04-21,0.2936439125317596,0.2788089203016615,0.3043465961183033,0.2991576412776051,0.049592300239520326,LICHSGFIN.BO,0.2856791060539937,0.28587588529286556,0.26055209235429344,0.5559373383522812,0.5929087271355861,0.29000466604821357,0.2943560232882135,0.29075487124004934
2022-04-22,0.3009995840742471,0.2777508401230274,0.29976921217564123,0.28775385385229163,0.01849759072410893,LICHSGFIN.BO,0.28211546026199386,0.2838118213709496,0.2612578072436287,0.46711274293743776,0.5833257956610947,0.2991576412776051,0.29000466604821357,0.2943560232882135
2022-04-25,0.28465373561633645,0.26044393122618126,0.2828328932089952,0.2733490981943241,0.02734424380793914,LICHSGFIN.BO,0.2784572227813049,0.27917175984413756,0.26116232679443985,0.37364089332245576,0.5663068294726958,0.28775385385229163,0.2991576412776051,0.29000466604821357
2022-04-26,0.2865854473468836,0.27888446146369106,0.2941237230513014,0.3002829982204623,0.10398263966573056,LICHSGFIN.BO,0.27970291763135824,0.2778309241060777,0.2625986649893949,0.5427088766288026,0.5693026487127286,0.2733490981943241,0.28775385385229163,0.2991576412776051
2022-04-27,0.3021883958134095,0.27827992254089795,0.3043466413027206,0.2990826797445458,0.05237056433012303,LICHSGFIN.BO,0.28161087827561626,0.2762219318687201,0.26446674181367413,0.5348786006844336,0.5704907619333455,0.3002829982204623,0.2733490981943241,0.28775385385229163
2022-04-28,0.30397161491524227,0.28311683814197364,0.3090766347579109,0.302008637289037,0.06890657848476797,LICHSGFIN.BO,0.28221008294402816,0.27582375412752624,0.2664302990871422,0.551355929985852,0.5728090119257275,0.2990826797445458,0.3002829982204623,0.2733490981943241
2022-04-29,0.30419449516757957,0.2941509502304641,0.30434664588029803,0.29375588862780705,0.10647325038294153,LICHSGFIN.BO,0.28347155340664465,0.2746373242711352,0.26801193728370853,0.49422382128366726,0.5690509306341743,0.302008637289037,0.2990826797445458,0.3002829982204623
2022-05-04,0.31734550168253606,0.29279057670307684,0.28908866829355584,0.2801013381616753,0.33059529937178983,LICHSGFIN.BO,0.2848906973459733,0.2734834037183359,0.2688463420307097,0.41035469578339157,0.5572237025628084,0.29375588862780705,0.302008637289037,0.2990826797445458
2022-05-05,0.2934954024143478,0.2797158995408683,0.2915299655158078,0.28092665235188125,0.06450686527947457,LICHSGFIN.BO,0.28082250056094094,0.2720288226868044,0.2686678380603277,0.4160100440231195,0.5481926856153423,0.2801013381616753,0.29375588862780705,0.302008637289037
2022-05-06,0.2757377906074088,0.2515259285386876,0.2723048957669989,0.27117339499677234,0.0617004559997672,LICHSGFIN.BO,0.27495670010178797,0.26998914340466096,0.2668827847572416,0.3595349275031072,0.534892330395432,0.28092665235188125,0.2801013381616753,0.29375588862780705
2022-05-09,0.2727658316499513,0.2474448101834943,0.2602511296464727,0.25114175631431096,0.17683049869935832,LICHSGFIN.BO,0.26426581438136354,0.2647883789153239,0.26405576382439133,0.26329818928160065,0.5120218435859891,0.27117339499677234,0.28092665235188125,0.2801013381616753
2022-05-10,0.25173909152970875,0.2330853147474813,0.2543005328076646,0.24641519816818586,0.04912575795232777,LICHSGFIN.BO,0.25431604152461496,0.26031084793400017,0.2607139807410236,0.24350517563442406,0.4914094014388435,0.25114175631431096,0.27117339499677234,0.28092665235188125
2022-05-11,0.24913858563129132,0.2293064746588277,0.22729388564470338,0.23456124830368813,0.10639453926086917,LICHSGFIN.BO,0.24474470774042834,0.2561096034399507,0.2561973869542761,0.1969660654174686,0.4683790987105717,0.24641519816818586,0.25114175631431096,0.27117339499677234
2022-05-12,0.22647722494518746,0.2058022415217451,0.2242422695219986,0.22345750363102607,0.09132446012518408,LICHSGFIN.BO,0.23266619831245683,0.2477883717383601,0.2512615060264931,0.15815187410610196,0.44418234689331537,0.23456124830368813,0.24641519816818586,0.25114175631431096
2022-05-13,0.22967210944945549,0.21698754108610674,0.23217644800592396,0.22233214668816875,0.03558505977036388,LICHSGFIN.BO,0.22240104750893908,0.23947525937643177,0.246192784744948,0.15432041350701922,0.4255381182432845,0.22345750363102607,0.23456124830368813,0.24641519816818586
2022-05-16,0.22528844657028546,0.2236382715029771,0.2342362610092229,0.24363926200002034,0.05430972015572399,LICHSGFIN.BO,0.22082421976178346,0.23315307298957322,0.24275967714819435,0.32036509614519926,0.4253738890708409,0.22233214668816875,0.22345750363102607,0.23456124830368813
2022-05-17,0.25374513436258805,0.23807327826849078,0.24743439497222908,0.2592443852890079,0.06308911100796509,LICHSGFIN.BO,0.22352057878294684,0.2294150141955873,0.2402439950997819,0.41787710917182697,0.4361526079172595,0.24363926200002034,0.22233214668816875,0.22345750363102607
2022-05-18,0.2623639342646076,0.24653791521764834,0.2700162499242653,0.2637459605257482,0.05908056822751617,LICHSGFIN.BO,0.22965444068229435,0.227643507385213,0.23874953636021168,0.4438493264308674,0.44849330850264063,0.2592443852890079,0.24363926200002034,0.22233214668816875
2022-05-19,0.2705368861519454,0.2545490409608827,0.2620058251420556,0.25706878040166353,0.19815930463255502,LICHSGFIN.BO,0.236718650478271,0.22505937979234047,0.2366863563010183,0.40834088589739714,0.4549817714207568,0.2637459605257482,0.2592443852890079,0.24363926200002034
2022-05-20,0.2668961909107964,0.2643739579773816,0.2769586143843661,0.28077663097555555,0.11847741205463219,LICHSGFIN.BO,0.24900214988952918,0.22609953907919644,0.23617575008630365,0.5357568303432668,0.47566229015401146,0.25706878040166353,0.2637459605257482,0.2592443852890079
2022-05-23,0.2846537545479285,0.26717021371164873,0.29221655390514856,0.2864784755331086,0.0574142776250994,LICHSGFIN.BO,0.25800583023043033,0.22992697982351007,0.23547418569306477,0.5622288334617545,0.4960552138300098,0.28077663097555555,0.25706878040166353,0.2637459605257482
2022-05-24,0.290597732613849,0.27691959601188265,0.2996166988492617,0.2948812947257679,0.040916903475835445,LICHSGFIN.BO,0.26549577494331367,0.235176508268235,0.23586856169796233,0.6000861049848786,0.5176661192486944,0.2864784755331086,0.28077663097555555,0.25706878040166353
2022-05-25,0.2943126755705704,0.2772218878376119,0.295115594583208,0.28497796683922977,0.022775659468017764,LICHSGFIN.BO,0.26995818641347114,0.24063731524136456,0.2365120109862925,0.5393568895098907,0.5286277444559409,0.2948812947257679,0.2864784755331086,0.28077663097555555
2022-05-26,0.2877000275841515,0.26921079619914867,0.28893611272667485,0.28932947154454064,0.02721019638186439,LICHSGFIN.BO,0.2767385384944602,0.24777213305903556,0.23590592976209568,0.5605256683529886,0.539964795231769,0.28497796683922977,0.2948812947257679,0.2864784755331086
2022-05-27,0.29713601504447584,0.27571032967589004,0.2993115042310228,0.29195528802617315,0.09844853222838819,LICHSGFIN.BO,0.27908799933707307,0.25531325328171994,0.23551155647705158,0.5735547328660486,0.5503961566829484,0.28932947154454064,0.28497796683922977,0.2948812947257679
2022-05-30,0.2979533837902437,0.2802449562545001,0.30610132045576177,0.2987075771486279,0.021124157015808533,LICHSGFIN.BO,0.28165823610665086,0.26127789057063866,0.23532890201057333,0.6069582859810841,0.5625591489650411,0.29195528802617315,0.28932947154454064,0.28497796683922977
2022-05-31,0.3009996666919743,0.27918689265041896,0.30327860966899656,0.2929306727478083,0.018563898881491105,LICHSGFIN.BO,0.2812482664711924,0.2649265674142969,0.23528324111380694,0.5660022677237388,0.5681670234490683,0.2987075771486279,0.29195528802617315,0.28932947154454064
2022-06-01,0.2965416811557533,0.2754080600904544,0.2987775194355641,0.29000466604821357,0.04384352610561697,LICHSGFIN.BO,0.2823047469505222,0.2677707374909619,0.23583121267280172,0.5452719109947233,0.5703439312906097,0.2929306727478083,0.2987075771486279,0.29195528802617315
2022-06-02,0.2921579929641144,0.2707223190319966,0.2964125052286143,0.2913551042106631,0.018804325581639417,LICHSGFIN.BO,0.2827304818674289,0.27148440632101833,0.23640824042432418,0.5532710252672635,0.5724610879971045,0.29000466604821357,0.2929306727478083,0.2987075771486279
2022-06-03,0.2928266386283557,0.27525682741325475,0.29893003841917254,0.2876788431641287,0.009658570233934224,LICHSGFIN.BO,0.28183168519592594,0.27223200849633256,0.23732152091627556,0.5249435256976532,0.5713887047565047,0.2913551042106631,0.29000466604821357,0.2929306727478083
2022-06-06,0.2839107835155634,0.26656563697254854,0.2922165781532917,0.2854281784335178,0.013085127748151126,LICHSGFIN.BO,0.27904070349272847,0.27211824723038947,0.23921865937278908,0.5073360363173064,0.5687140649928941,0.2876788431641287,0.2913551042106631,0.29000466604821357
2022-06-07,0.284653761368983,0.259537032603409,0.271847209126746,0.26352087930615603,0.03889378912002396,LICHSGFIN.BO,0.2728595354179213,0.2687214935308615,0.24016515199307098,0.36168944655465896,0.5526194632346465,0.2854281784335178,0.2876788431641287,0.2913551042106631
2022-06-08,0.2653358848580104,0.2400383424407304,0.25628404893340373,0.24573995450940928,0.04233990515548309,LICHSGFIN.BO,0.26355625274281425,0.26447149040558127,0.2407836928651167,0.27369873554100255,0.5287540919092473,0.26352087930615603,0.2854281784335178,0.2876788431641287
2022-06-09,0.24304605567637716,0.22106867628672344,0.24522203440141943,0.23711210325226134,0.036704188815101846,LICHSGFIN.BO,0.25215579505272556,0.25881564890752873,0.2415392300267276,0.23709653535476796,0.5047511114961684,0.24573995450940928,0.26352087930615603,0.2854281784335178
2022-06-10,0.2390338736923121,0.21313317241952145,0.23705901935799756,0.22773399764817398,0.016810310489139536,LICHSGFIN.BO,0.2395569590191582,0.25185962161129904,0.24183812558243623,0.2002679837471332,0.4804483929056599,0.23711210325226134,0.24573995450940928,0.26352087930615603
2022-06-13,0.21808144842053367,0.1979423442005736,0.21386692434118598,0.2079274401853049,0.05744242281420406,LICHSGFIN.BO,0.22326833427977544,0.24202691493481243,0.23986211682067904,0.13422315523468673,0.4497179065244379,0.22773399764817398,0.23711210325226134,0.24573995450940928
2022-06-14,0.2102056603889384,0.1869837634235108,0.20867916095754474,0.19959963168080835,0.0341549025341642,LICHSGFIN.BO,0.20983376270049803,0.23191791112273719,0.2365618495776879,0.11030385544309054,0.4214231205994751,0.2079274401853049,0.22773399764817398,0.23711210325226134
2022-06-15,0.20663932136198326,0.18713495266430547,0.21012871361204666,0.20740226705795767,0.22128940266845015,LICHSGFIN.BO,0.20177618520655938,0.22297096317559484,0.233444236801175,0.17401374970716824,0.4053665345539586,0.19959963168080835,0.2079274401853049,0.22773399764817398
2022-06-16,0.21852721705143352,0.19371007942176804,0.20059246268489983,0.19157196423917056,0.02268025204732399,LICHSGFIN.BO,0.19220484109125768,0.2121631104952788,0.22982016286633722,0.1255291493820567,0.38441922314800936,0.20740226705795767,0.19959963168080835,0.2079274401853049
2022-06-17,0.1947513934206475,0.1718685179509426,0.19181913837438452,0.18421954045630917,0.036201391708045656,LICHSGFIN.BO,0.18305924222397774,0.200957080073769,0.2244774598850745,0.1052202103250057,0.3651385979237321,0.19157196423917056,0.20740226705795767,0.19959963168080835
2022-06-20,0.1895504559870651,0.16385747463336425,0.17427249897314667,0.170339957925689,0.04475896030717373,LICHSGFIN.BO,0.175159338206751,0.18849148184902187,0.21805127615352438,0.07004599100585893,0.34333400838865313,0.18421954045630917,0.19157196423917056,0.20740226705795767
2022-06-21,0.17469053042874122,0.1634039577169244,0.18197772461541878,0.18549496793059594,0.024934729398317874,LICHSGFIN.BO,0.17219490741427818,0.18004022890553495,0.21199870506697682,0.18668435438781847,0.33781370294059343,0.170339957925689,0.18421954045630917,0.19157196423917056
2022-06-22,0.18873315431921323,0.16574685610637246,0.18991189242024542,0.18624522227753537,0.02010282057728168,LICHSGFIN.BO,0.16774825089445378,0.1735961512647568,0.20653561865994718,0.19222203749439273,0.3361778383427213,0.18549496793059594,0.170339957925689,0.18421954045630917
2022-06-23,0.18999616074680886,0.1711127051020896,0.19403151349060177,0.19367265674855944,0.028412329882605943,LICHSGFIN.BO,0.1681897614239235,0.16889107645491808,0.20124272979140045,0.24765967385940182,0.3417465505203806,0.18624522227753537,0.18549496793059594,0.170339957925689
2022-06-24,0.2013640715579611,0.18418745303305217,0.20730597469586892,0.20665201271101824,0.03501786265433939,LICHSGFIN.BO,0.17290447938394243,0.16660761466493512,0.19652272361798628,0.3368112269172342,0.3563408638283523,0.19367265674855944,0.18624522227753537,0.18549496793059594
2022-06-27,0.21622394595202954,0.20111654190885908,0.22096185483497882,0.22060660592980136,0.026605790371769324,LICHSGFIN.BO,0.1834692118594361,0.1679809384099583,0.19220123578600612,0.420971898951668,0.3784452440861036,0.20665201271101824,0.19367265674855944,0.18624522227753537
2022-06-28,0.22343096063167772,0.1980178881032993,0.22653100628650724,0.21993141142612838,0.019297581946626226,LICHSGFIN.BO,0.19070685008245813,0.17018314291343284,0.18816203608564253,0.4175293846513115,0.3971052558531033,0.22060660592980136,0.20665201271101824,0.19367265674855944
2022-06-29,0.220756128188491,0.19454132596765655,0.22264017242596146,0.21355422489959147,0.008445464879812889,LICHSGFIN.BO,0.19644648696556544,0.17084948247808174,0.18393187548690138,0.3844234795833963,0.4093164830034956,0.21993141142612838,0.22060660592980136,0.20665201271101824
2022-06-30,0.2148122548406472,0.1960529381306505,0.22347942782363767,0.21610512900326845,0.01983711091064952,LICHSGFIN.BO,0.2011612049255843,0.17350675334195742,0.17976813914482137,0.4012130035690228,0.42187513396804766,0.21355422489959147,0.21993141142612838,0.22060660592980136
2022-07-01,0.21577809812527843,0.21131931716941244,0.2174524700109109,0.23246050663919554,0.019984515375621403,LICHSGFIN.BO,0.20658547419303752,0.17873189714690985,0.17671279468916667,0.5003747254138989,0.44312725617886417,0.21610512900326845,0.21355422489959147,0.21993141142612838
2022-07-04,0.23561610474796557,0.2126797216070091,0.23797449551615146,0.23163529075919692,0.006759615756153899,LICHSGFIN.BO,0.20890341480386898,0.18537100398845396,0.17373632325860877,0.49526441469078064,0.46028935314999964,0.23246050663919554,0.21610512900326845,0.21355422489959147
2022-07-05,0.22996937818411595,0.2176677551654259,0.2390425877568192,0.23186037197878911,0.032224810413529155,LICHSGFIN.BO,0.21141056978542383,0.19039299925297815,0.1719844820838533,0.49664518912851074,0.4747030465831353,0.23163529075919692,0.23246050663919554,0.21610512900326845
2022-07-06,0.23487306066588032,0.22394055745492647,0.24194152637003508,0.24581496519757212,0.015694520704125848,LICHSGFIN.BO,0.21819093219752783,0.1968452015575758,0.17198863257994967,0.577819374490066,0.49531705875940835,0.23186037197878911,0.23163529075919692,0.23246050663919554
2022-07-07,0.2516647735713172,0.2318761213526166,0.26009855131961857,0.2526422650081898,0.02501725681721799,LICHSGFIN.BO,0.2258700809500196,0.203232401227461,0.17284794846308882,0.613349679269424,0.5161321304777688,0.24581496519757212,0.23186037197878911,0.23163529075919692
2022-07-08,0.2549339305121632,0.23678854173315556,0.26063255074893654,0.254142724546965,0.019228411566623242,LICHSGFIN.BO,0.23042711510221148,0.20837628242174777,0.17430919779418164,0.6211598320132609,0.5335627098379588,0.2526422650081898,0.24581496519757212,0.23186037197878911
2022-07-11,0.25589982384662024,0.24064292407684018,0.26315011568060587,0.26239547320819506,0.011946917219274399,LICHSGFIN.BO,0.2368920995675463,0.21290257735845952,0.17732302640945985,0.6633804656980004,0.5523321495668855,0.254142724546965,0.2526422650081898,0.24581496519757212
2022-07-12,0.26377556631746746,0.24706687985912423,0.2703976214569481,0.26472119778207254,0.011179841556896455,LICHSGFIN.BO,0.24379858423123602,0.217753912089519,0.18092633698440275,0.6749735276127558,0.5682594901532942,0.26239547320819506,0.254142724546965,0.2526422650081898
2022-07-13,0.2680106606538475,0.24585774004816585,0.2725337896248127,0.26149519748492994,0.011174117111654829,LICHSGFIN.BO,0.24709415825192627,0.22294656256335088,0.183919410399346,0.645339917103826,0.5783342779132186,0.26472119778207254,0.26239547320819506,0.254142724546965
2022-07-14,0.2579058923769729,0.24555535611226997,0.26772747924359186,0.2640460032783996,0.013664727828865804,LICHSGFIN.BO,0.24949092526999872,0.22813920238886842,0.18792954846747534,0.6597136122719232,0.5872928906432182,0.26149519748492994,0.26472119778207254,0.26239547320819506
2022-07-15,0.2638498768505476,0.2490318753528521,0.27230489730382135,0.26644683685064724,0.010174724379887545,LICHSGFIN.BO,0.2520769273210246,0.23182037788780419,0.19247935438255348,0.6735236054659834,0.5951818710026632,0.2640460032783996,0.26149519748492994,0.26472119778207254
2022-07-18,0.26979386895368085,0.2517526852926575,0.27993391687378677,0.27237381178289616,0.008733118253204615,LICHSGFIN.BO,0.2541741126671212,0.2362329062344155,0.1981250979759146,0.7069449386416973,0.604330560078161,0.26644683685064724,0.2640460032783996,0.26149519748492994
2022-07-19,0.26986816575448813,0.2545490337592694,0.2800102039743986,0.27462457482371444,0.018074458813332042,LICHSGFIN.BO,0.25625554306288434,0.24086484309740808,0.20305682296789462,0.7193899953265023,0.6120811943722109,0.27237381178289616,0.26644683685064724,0.2640460032783996
2022-07-20,0.2819789774028014,0.26029277413204566,0.2887072251360919,0.27747547252493915,0.020366145058396498,LICHSGFIN.BO,0.2596141782093675,0.2442941007763707,0.2081047808895451,0.7353593116185452,0.6190204880120231,0.27462457482371444,0.27237381178289616,0.26644683685064724
2022-07-21,0.2798985304920959,0.25915910357633065,0.2849689783346516,0.2798012462539203,0.018919768560678882,LICHSGFIN.BO,0.26292551751150595,0.24723578279134018,0.2128704533994321,0.748513852396478,0.6249192450538978,0.27747547252493915,0.27462457482371444,0.27237381178289616
2022-07-22,0.2861397484389866,0.2871979384246188,0.2947341605690488,0.29060484986372365,0.05679937679872803,LICHSGFIN.BO,0.2680028989315235,0.25118512011373084,0.21751573704384575,0.8042609074869251,0.6351952493365289,0.2798012462539203,0.27747547252493915,0.27462457482371444
2022-07-25,0.2929009303518937,0.2723849481207591,0.29214023471151196,0.28175186823187987,0.032237213378219345,LICHSGFIN.BO,0.26997392070157444,0.2532816773667673,0.2208990305278834,0.6978039008117767,0.6365885328296688,0.29060484986372365,0.2798012462539203,0.27747547252493915
2022-07-26,0.28613975711702444,0.26626334842677557,0.29023304983284026,0.2798763060971868,0.0047856362219997105,LICHSGFIN.BO,0.271077697025249,0.25492317890771676,0.2242159051949666,0.6764619339977417,0.6353353815242279,0.28175186823187987,0.29060484986372365,0.2798012462539203
2022-07-27,0.2821275009510381,0.263769225206703,0.2851215535465682,0.28572817203106554,0.010905068185298385,LICHSGFIN.BO,0.27281219824911684,0.25754793514384344,0.22820943855885734,0.7123398601184877,0.636817243821162,0.2798763060971868,0.28175186823187987,0.29060484986372365
2022-07-28,0.2868827055506148,0.2790356675203688,0.29610732993620326,0.2995327930286265,0.07521253195552297,LICHSGFIN.BO,0.2769592524347352,0.2613916305399532,0.23282566329089005,0.7842167182164799,0.6453589804153186,0.28572817203106554,0.2798763060971868,0.28175186823187987
2022-07-29,0.3076865608579389,0.2853084948790424,0.3061776020836313,0.30500960552169104,0.04080336864520986,LICHSGFIN.BO,0.27998675468411593,0.26556849571838737,0.23683995457496898,0.808682005545855,0.6541679853665225,0.2995327930286265,0.28572817203106554,0.2798763060971868
2022-08-01,0.30478888692191053,0.28281451033028193,0.31121273696773133,0.30193362660087414,0.03321370832902012,LICHSGFIN.BO,0.2842284315517686,0.26877022021714936,0.24072970649747827,0.7711172073356611,0.6577797896550405,0.30500960552169104,0.2995327930286265,0.28572817203106554
2022-08-02,0.3009253789903048,0.3011040145402114,0.31052613882700464,0.3165635126335375,0.04918681870157179,LICHSGFIN.BO,0.2919391211982718,0.273312769805657,0.24541650598226827,0.8349855279906497,0.6682633949905172,0.30193362660087414,0.30500960552169104,0.2995327930286265
2022-08-03,0.3133333149666223,0.2958136316308073,0.3118230349891794,0.3038092378906709,0.026345328113275324,LICHSGFIN.BO,0.2957392875364546,0.27616506987029865,0.24862544871187375,0.6981161556735622,0.6670220944687135,0.3165635126335375,0.30193362660087414,0.30500960552169104
2022-08-04,0.31043567244065773,0.2878025721905665,0.29305576166310554,0.28430277233555684,0.05657898565692541,LICHSGFIN.BO,0.29253833619779857,0.2766526455342918,0.25037728988662933,0.5350500384938701,0.6524196537596794,0.3038092378906709,0.3165635126335375,0.30193362660087414
2022-08-05,0.3011482476755051,0.2887850645953475,0.30366003155237475,0.29458120281801287,0.15863582653595215,LICHSGFIN.BO,0.2903465591630128,0.2770833379032349,0.25261483429952136,0.592988798658997,0.6459942500312562,0.28430277233555684,0.3038092378906709,0.3165635126335375
2022-08-08,0.29617011698378404,0.2799425693206832,0.29961662142083967,0.29585653198209233,0.05745291763048038,LICHSGFIN.BO,0.2890693130878331,0.2786110622057698,0.2544663036997088,0.599958915886827,0.6404629939000064,0.29458120281801287,0.28430277233555684,0.3038092378906709
2022-08-10,0.299513660504802,0.2766172628300433,0.299464100451895,0.29405602969066563,0.027669106075401437,LICHSGFIN.BO,0.28433882984636605,0.2801469164962812,0.2560894604565048,0.585054100813063,0.6337870477347409,0.29585653198209233,0.29458120281801287,0.28430277233555684
2022-08-11,0.30099960509717116,0.28220988156769444,0.30892401422352955,0.3015584748498526,0.04789404815117115,LICHSGFIN.BO,0.28386577842288474,0.2818615506599197,0.25830624422935533,0.6289418680030552,0.6320619572697619,0.29405602969066563,0.29585653198209233,0.29458120281801287
2022-08-12,0.30374871462098185,0.2845527489567399,0.3102972425042829,0.3059099304000598,0.008142546319110155,LICHSGFIN.BO,0.28840703696251346,0.2825522801884981,0.26062266166734427,0.6532451414325334,0.6322805055804256,0.3015584748498526,0.29405602969066563,0.29585653198209233
2022-08-16,0.31236740648586325,0.2943020805244252,0.3179261976027721,0.31566313860006506,0.07986984519668955,LICHSGFIN.BO,0.29283790753865957,0.28370620074129727,0.26334590115881307,0.7040050910978543,0.6373706422321204,0.3059099304000598,0.3015584748498526,0.29405602969066563
2022-08-17,0.32024321828063007,0.3042782030861144,0.33142955055921797,0.3209899297168039,0.09674694088031473,LICHSGFIN.BO,0.2981202892730789,0.285770254014899,0.2660359312418046,0.7295836869187,0.6434733630992372,0.31566313860006506,0.3059099304000598,0.3015584748498526
2022-08-18,0.3203918089161987,0.30072613636165424,0.3310481300097343,0.322040325126602,0.029182267767604696,LICHSGFIN.BO,0.30400185501368016,0.28636346628101594,0.26865954250784163,0.7346700658896667,0.6476467667876633,0.3209899297168039,0.31566313860006506,0.3059099304000598
2022-08-19,0.32759881933619084,0.30941736219298677,0.3242582668225712,0.3132623541829211,0.08205085883374923,LICHSGFIN.BO,0.30646170381977533,0.2873873655919189,0.2706397044855483,0.6450139731010146,0.6441634500181946,0.322040325126602,0.3209899297168039,0.31566313860006506
2022-08-22,0.31667677405710537,0.29211035707054456,0.3069404959970057,0.29548142938617444,0.024725310109895038,LICHSGFIN.BO,0.3042699061227596,0.288598164115611,0.2715073213608802,0.4967328760798947,0.6291354787633946,0.3132623541829211,0.322040325126602,0.3209899297168039
2022-08-23,0.2937925572023954,0.28553526729568013,0.3011424510661389,0.30643510352740705,0.034009406217606196,LICHSGFIN.BO,0.3023304149156052,0.28988210058614916,0.2723832419482579,0.5650587538499319,0.6230609547548647,0.29548142938617444,0.3132623541829211,0.322040325126602
2022-08-24,0.3085038305778727,0.2973251381317239,0.3151797876262503,0.3184390747682306,0.04680401836974478,LICHSGFIN.BO,0.3017942920352161,0.2923280929216203,0.2744132207585339,0.6300968181701937,0.6247220768309998,0.30643510352740705,0.29548142938617444,0.3132623541829211
2022-08-25,0.32180342947266416,0.3123648144215395,0.33333673547394105,0.3282672936563987,0.10862134845986186,LICHSGFIN.BO,0.3031030376799473,0.2960336317637,0.27709079391352986,0.6770978420443369,0.6310751081879294,0.3184390747682306,0.30643510352740705,0.29548142938617444
2022-08-26,0.33071944212229165,0.31682386744948,0.33966886106300487,0.32729205640007436,0.026150696975060023,LICHSGFIN.BO,0.30605171352208704,0.29882092386947223,0.27939060936713334,0.6688057859405702,0.6343291981079947,0.3282672936563987,0.3184390747682306,0.30643510352740705
2022-08-29,0.31883149393803245,0.31145793478677153,0.3150272176360148,0.3315684521070151,0.022242809023443035,LICHSGFIN.BO,0.31363626025477453,0.30160008598726773,0.2811632084620772,0.6897882003048603,0.6383764085193534,0.32729205640007436,0.3282672936563987,0.3184390747682306
2022-08-30,0.3293077467913097,0.32279442734525643,0.3410420821926342,0.33967117939191954,0.03509609673930828,LICHSGFIN.BO,0.3206216126501652,0.3042004788802505,0.2830811048387789,0.7277266361037584,0.6453727703630244,0.3315684521070151,0.32729205640007436,0.3282672936563987
2022-09-01,0.339635346987175,0.3324681378533305,0.34035545582342674,0.350549744534782,0.0859973867907472,LICHSGFIN.BO,0.32737043416825773,0.3074022033790126,0.28577113492177053,0.7733458902975694,0.6563221394779565,0.33967117939191954,0.3315684521070151,0.32729205640007436
2022-09-02,0.35724430934032747,0.3360202111649886,0.3637001073029298,0.35295052895192597,0.019468361229668083,LICHSGFIN.BO,0.3325582035517578,0.31075019312315255,0.28778450358810115,0.782883474654408,0.6649841406532475,0.350549744534782,0.33967117939191954,0.3315684521070151
2022-09-05,0.3564270508019859,0.34418250710790943,0.3662177269746162,0.3639792629364251,0.08400384873535079,LICHSGFIN.BO,0.3402688931982609,0.3162435147240311,0.2911138351831799,0.824249097949525,0.6771081722455901,0.35295052895192597,0.350549744534782,0.33967117939191954
2022-09-06,0.3637083854832044,0.34357785442310307,0.3682775111684964,0.35925260648009266,0.025137947204395612,LICHSGFIN.BO,0.34608737715083937,0.32315078871318714,0.2952609641011681,0.7757245328124922,0.6820317011455727,0.3639792629364251,0.35295052895192597,0.350549744534782
2022-09-07,0.3604392621962149,0.3434267661746411,0.3692693428624717,0.3615784785192811,0.013367056676301229,LICHSGFIN.BO,0.3506917174784908,0.3291235559900825,0.298968061557199,0.7853260706946519,0.6856331398179976,0.35925260648009266,0.3639792629364251,0.35295052895192597
2022-09-08,0.36318830038206973,0.35468760065364613,0.3758302449732016,0.37508290929887983,0.09143704088160273,LICHSGFIN.BO,0.3558479459679794,0.33525884316415167,0.30335182042989073,0.8364757837995336,0.6950929665621992,0.3615784785192811,0.35925260648009266,0.3639792629364251
2022-09-09,0.3765622317791605,0.36292541686914703,0.38879954544653694,0.38085986285480306,0.06231106349220736,LICHSGFIN.BO,0.36171375675824735,0.3409553239537727,0.30815485556420463,0.8558912820395996,0.704240713448237,0.37508290929887983,0.3615784785192811,0.35925260648009266
2022-09-12,0.38012860059444387,0.36549503278111883,0.3932243504077855,0.3822853117054155,0.0481721607824935,LICHSGFIN.BO,0.3655612086096599,0.3469118312547149,0.3126216379580896,0.8606931995223408,0.7103400016351904,0.38085986285480306,0.37508290929887983,0.3615784785192811
2022-09-13,0.38570101464251694,0.3672332307098345,0.3877314248909314,0.38161006804663883,0.0507052278019132,LICHSGFIN.BO,0.3702601612882306,0.3523320095845903,0.3168102827164542,0.8525210227054181,0.7126781044169459,0.3822853117054155,0.38085986285480306,0.37508290929887983
2022-09-14,0.3718813141222531,0.36352995589846815,0.3847561315068173,0.38408586315194565,0.020481588037435966,LICHSGFIN.BO,0.37499062386746773,0.35714271567239564,0.320596253197582,0.8619464437123912,0.7139976908904008,0.38161006804663883,0.3822853117054155,0.38085986285480306
2022-09-15,0.38495800290651594,0.369122620674049,0.3981831251608353,0.38611154497317185,0.014222861239924382,LICHSGFIN.BO,0.3773085541471842,0.36099453573232476,0.32419956649237813,0.8698208289041434,0.7142250030588919,0.38408586315194565,0.38161006804663883,0.3822853117054155
2022-09-16,0.3871870197165488,0.36481479585413923,0.38345922799145893,0.37238198381887716,0.03301573793108054,LICHSGFIN.BO,0.37552672608562687,0.36309922297333774,0.32698507430470525,0.7013067400836064,0.7038192917133894,0.38611154497317185,0.38408586315194565,0.38161006804663883
2022-09-19,0.37335688090797836,0.3553154219832205,0.37086193970471903,0.3581466658031753,0.20560776196611796,LICHSGFIN.BO,0.37045341512490837,0.36246747445772876,0.32946861584697706,0.5644867508641598,0.6848876724614271,0.37238198381887716,0.38611154497317185,0.38408586315194565
2022-09-20,0.3610023910633522,0.3591702327243942,0.37358577842399376,0.37551989817028725,0.009712952463729677,LICHSGFIN.BO,0.369173420973146,0.36422944037848026,0.333897309415611,0.6633857757556094,0.6791021208287258,0.3581466658031753,0.37238198381887716,0.38611154497317185
2022-09-21,0.37312943948210586,0.3587076679659067,0.3816017345573136,0.369320603963843,0.05029449885582651,LICHSGFIN.BO,0.366070150326556,0.36506801642711195,0.33737689386511305,0.6108093747611473,0.6690575671908638,0.37551989817028725,0.3581466658031753,0.37238198381887716
2022-09-22,0.3654743010916154,0.35539257063088003,0.3761540664260098,0.372305498477605,0.019065741914340358,LICHSGFIN.BO,0.36316848105754174,0.3647671855753505,0.34035743419616915,0.6274981402584464,0.6614885911864664,0.369320603963843,0.37551989817028725,0.3581466658031753
2022-09-23,0.37153780395250946,0.35184607479159036,0.35117235297174987,0.3406968989396875,0.05517220323879571,LICHSGFIN.BO,0.35650910633288213,0.3604169977848738,0.3410451898943352,0.40957572925304153,0.6344833815328124,0.372305498477605,0.369320603963843,0.37551989817028725
2022-09-26,0.3389463099543498,0.31476259237326865,0.3271245749786137,0.32929325897968503,0.024707659737066692,LICHSGFIN.BO,0.3504448761484501,0.35467724757004937,0.341155920560832,0.3515565254850297,0.6050934029707011,0.3406968989396875,0.372305498477605,0.369320603963843
2022-09-27,0.3324280596285969,0.3163816240897951,0.33794217161958506,0.3335026562803571,0.026661603712875185,LICHSGFIN.BO,0.3416139527121209,0.3494665695000887,0.3412629440673163,0.37978737219911674,0.5838563814283119,0.32929325897968503,0.3406968989396875,0.372305498477605
2022-09-28,0.32788043290917634,0.315533598995419,0.33957653271341437,0.3311301360478092,0.01401201084019114,LICHSGFIN.BO,0.3335873169075252,0.34373075383740226,0.34079035052196105,0.36713300868325494,0.5651655540842309,0.3335026562803571,0.32929325897968503,0.3406968989396875
2022-09-29,0.33447441555833823,0.31661290305209133,0.3400433943485648,0.3297524659579402,0.013524955957549423,LICHSGFIN.BO,0.3246437843179947,0.33762630950573524,0.3396395942009377,0.35947521194080734,0.5492998210810521,0.3311301360478092,0.3335026562803571,0.32929325897968503
2022-09-30,0.3291688643200942,0.34020447505437423,0.3394208425568106,0.3612079965031059,0.031354694736801934,LICHSGFIN.BO,0.3289546796559638,0.33641601677697297,0.34009649691275445,0.5529289410913892,0.5561982337568168,0.3297524659579402,0.3311301360478092,0.3335026562803571
2022-10-03,0.35728852162155855,0.3358099883351068,0.35358493593170714,0.3416153128961978,0.13676176719349054,LICHSGFIN.BO,0.3315444525639548,0.33462544948398165,0.3388590534281777,0.4440994295221087,0.5491825209216515,0.3612079965031059,0.3297524659579402,0.3311301360478092
2022-10-04,0.34584357168427493,0.3446760791213124,0.35802087702095475,0.3651877903146505,0.020659045839926386,LICHSGFIN.BO,0.3382038376197294,0.3335063435948228,0.33918745939191064,0.5550419442460633,0.5581253457120634,0.3416153128961978,0.3612079965031059,0.3297524659579402
2022-10-06,0.3640341674987899,0.3598641348478664,0.3766987716006772,0.37819860554344226,0.16571887344825792,LICHSGFIN.BO,0.34809639676175963,0.3344679502670054,0.34010708530155065,0.6065499839586909,0.5729168568751689,0.3651877903146505,0.3416153128961978,0.3612079965031059
2022-10-07,0.3716136093622645,0.35909320410248535,0.38448125533802413,0.37720370624565974,0.007076368392857228,LICHSGFIN.BO,0.3580694042960816,0.33499849187924413,0.34022443337106356,0.6008368717214502,0.5834328649998415,0.37819860554344226,0.3651877903146505,0.3416153128961978
2022-10-10,0.37153777029237556,0.3479141331975977,0.3691498046413122,0.36289175542337476,0.029887328606531687,LICHSGFIN.BO,0.35842328630835363,0.3374024925872292,0.3392302209250868,0.5211614402315493,0.5822172878646622,0.37720370624565974,0.37819860554344226,0.3651877903146505
2022-10-11,0.3610024223975732,0.34166937662869,0.3479037287025396,0.34337560631284253,0.2411780335862743,LICHSGFIN.BO,0.3587932538666381,0.3389277997224155,0.33707726666887383,0.42795349803628835,0.568595429603314,0.36289175542337476,0.37720370624565974,0.37819860554344226
2022-10-12,0.3455404216002872,0.33288030881269226,0.35560833537884007,0.35355459602062395,0.00840253154050069,LICHSGFIN.BO,0.3563482612038734,0.34109969379920324,0.3355248995332438,0.4762012843891372,0.5638318565401456,0.34337560631284253,0.36289175542337476,0.37720370624565974
2022-10-13,0.3488753244286765,0.33280322200390733,0.35311793342748443,0.34414090212149734,0.010869290402538222,LICHSGFIN.BO,0.3491902242217154,0.342508934308398,0.3333146624472242,0.432966960455583,0.5539073836265299,0.35355459602062395,0.34337560631284253,0.36289175542337476
2022-10-14,0.3548631058918684,0.3374290491333415,0.3572426529624835,0.34651347150914896,0.011128321549721817,LICHSGFIN.BO,0.34273994093298654,0.3443243760636201,0.33112361936576007,0.4449570514289811,0.5473648499881315,0.34414090212149734,0.35355459602062395,0.34337560631284253
2022-10-17,0.3428117936032483,0.3294109483546509,0.3520284142362613,0.35087588864746905,0.30408587049492125,LICHSGFIN.BO,0.3402145205401601,0.34320527017446134,0.3299336427605236,0.46760700657125753,0.5447810580796371,0.34651347150914896,0.34414090212149734,0.35355459602062395
2022-10-18,0.35190715330430167,0.3416693980550142,0.36339084246870723,0.36128458015458537,0.027571313469190322,LICHSGFIN.BO,0.3439785176448239,0.3453357156877931,0.330107270033985,0.5199203990545683,0.5490794401474978,0.35087588864746905,0.34651347150914896,0.34414090212149734
2022-10-19,0.36395836831175576,0.34498447795612497,0.3664259532747429,0.3544730099771342,0.022395460896553074,LICHSGFIN.BO,0.34417154419697216,0.344175161235178,0.3289427022980357,0.4823831430174276,0.5480372840354918,0.36128458015458537,0.35087588864746905,0.34651347150914896
2022-10-20,0.3522860550487701,0.34760572631135334,0.36004432875897685,0.36664189659068797,0.06801547317548812,LICHSGFIN.BO,0.34890066373126294,0.3429234146188024,0.32879448389386123,0.5427925938783138,0.554598429745694,0.3544730099771342,0.36128458015458537,0.35087588864746905
2022-10-21,0.3700219202338474,0.34922481672603245,0.3681380799009547,0.35944775224156483,0.012477382478331783,LICHSGFIN.BO,0.35161911067623774,0.3410002065985942,0.32808303827367746,0.5017528268803317,0.5550288479992417,0.36664189659068797,0.3544730099771342,0.36128458015458537
2022-10-24,0.3631246594468054,0.3462180122220163,0.3723406027927434,0.3618202724741128,0.004846696971243726,LICHSGFIN.BO,0.3539193334248911,0.34088415062091704,0.3292518381013214,0.5141203848135387,0.5565863101139038,0.35944775224156483,0.36664189659068797,0.3544730099771342
2022-10-25,0.36221510797402534,0.3516147596627546,0.3703171715874445,0.3687083279928361,0.2514958690972025,LICHSGFIN.BO,0.35547961072586076,0.3436280242250854,0.3314327551690459,0.5500593538423902,0.5618105045206636,0.3618202724741128,0.35944775224156483,0.36664189659068797
2022-10-27,0.36699016019494957,0.3584764109495403,0.3750644815664842,0.37146361901747055,0.08782920926806766,LICHSGFIN.BO,0.35905059160949104,0.3455678116706761,0.33353321353721455,0.5643832006782453,0.5672839639960385,0.3687083279928361,0.3618202724741128,0.35944775224156483
2022-10-28,0.37676762614398585,0.35978707393957154,0.3822243554323683,0.3700094635863293,0.025644560608279552,LICHSGFIN.BO,0.3597583659651501,0.3483697239119973,0.33568448692410413,0.5541018165108075,0.570278771078353,0.37146361901747055,0.3687083279928361,0.3618202724741128
2022-10-31,0.3641857623782978,0.3514605849646426,0.35249537222268645,0.3453654540635111,0.06895619034352873,LICHSGFIN.BO,0.3567986358299897,0.3482453782216288,0.3365483857600102,0.4035514456545385,0.5569103380102186,0.3700094635863293,0.37146361901747055,0.3687083279928361
2022-11-01,0.35243769411212134,0.32848582441148555,0.3510167019011795,0.3384773985447877,0.030106288637023897,LICHSGFIN.BO,0.35189257528956297,0.3469024554139639,0.33529065488986165,0.36869472882333354,0.5418899670277147,0.3453654540635111,0.3700094635863293,0.37146361901747055
2022-11-02,0.30476322853363935,0.28006915640949603,0.2724918040959,0.2871995317484826,0.8119805960387794,LICHSGFIN.BO,0.334761561766428,0.33887805079795374,0.33227971747861385,0.18346633797834314,0.49820676658885094,0.3384773985447877,0.3453654540635111,0.3700094635863293
2022-11-03,0.2866484298731301,0.27158853608248035,0.295216568497804,0.29171506703465805,0.14460330310031183,LICHSGFIN.BO,0.3180005054704623,0.33208052366024565,0.32821432015151364,0.21118334654066565,0.4671793633052133,0.2871995317484826,0.3384773985447877,0.3453654540635111
2022-11-04,0.291499267584301,0.27806466666202545,0.2935044184231689,0.2954652082019715,0.09294829442539211,LICHSGFIN.BO,0.3023332559722226,0.32437113345065927,0.32363651062712495,0.23470611296472163,0.4459462034066525,0.29171506703465805,0.2871995317484826,0.3384773985447877
2022-11-07,0.2995333839509965,0.2936381010252972,0.309691864023908,0.3106954746705594,0.08021808228222183,LICHSGFIN.BO,0.29504653462196573,0.3190906077629746,0.31995647299131846,0.32552127817594523,0.4397509191317615,0.2954652082019715,0.29171506703465805,0.2871995317484826
2022-11-09,0.3021862326328346,0.2943320478751057,0.3131940233681819,0.3064096411837188,0.04639996794310664,LICHSGFIN.BO,0.28830673216724423,0.3130888930436245,0.31683120110798557,0.30936427130482624,0.4333001232852341,0.3106954746705594,0.2954652082019715,0.29171506703465805
2022-11-10,0.3093108664001124,0.2917107157241461,0.3159178516757517,0.31268537157633164,0.05113217600951784,LICHSGFIN.BO,0.2936631879960172,0.30702085529858736,0.3151330471170084,0.3465838386993402,0.43327512152398373,0.3064096411837188,0.3106954746705594,0.2954652082019715
2022-11-11,0.3199220702678306,0.2991120504131418,0.31187100175039084,0.30174103690479154,0.04834198599132842,LICHSGFIN.BO,0.2957703841925222,0.29946896430597725,0.3122660960182404,0.3025928103547577,0.427601410306203,0.31268537157633164,0.3064096411837188,0.3106954746705594
2022-11-14,0.30749180946718113,0.28276754992367903,0.3057228824386088,0.2973785706113678,0.08939818430137678,LICHSGFIN.BO,0.29617252284283135,0.29160206423110047,0.30967863976177656,0.2856405887567244,0.42165016673274225,0.30174103690479154,0.31268537157633164,0.3064096411837188
2022-11-15,0.3047632253167959,0.27999207536942683,0.3075128202056243,0.2997511399990193,0.025491431698066044,LICHSGFIN.BO,0.29387231042529294,0.28666142208791334,0.30709118350531284,0.30155772157940997,0.4197277668154778,0.2973785706113678,0.30174103690479154,0.31268537157633164
2022-11-16,0.30029137751935486,0.2871620709023319,0.31047016302999486,0.30809335094888407,0.06797731020721061,LICHSGFIN.BO,0.29422618210645,0.2833704221219667,0.3047239374493367,0.3570496894640518,0.4246873832780011,0.2997511399990193,0.2973785706113678,0.30174103690479154
2022-11-17,0.3019588306411033,0.2878558851741583,0.31296052961832965,0.3006695539555296,0.017926100274153225,LICHSGFIN.BO,0.29170077204473843,0.2848294062314659,0.3013699830225671,0.3226690638184533,0.4252010318137493,0.30809335094888407,0.2997511399990193,0.2973785706113678
2022-11-18,0.30294418418874025,0.28161112099045615,0.30735719750115176,0.29707248178096807,0.01623071040842486,LICHSGFIN.BO,0.29071956406909916,0.28540968611985207,0.29819389340066005,0.3062328738701542,0.4245996453595213,0.3006695539555296,0.30809335094888407,0.2997511399990193
2022-11-21,0.29445519851324276,0.2801462262265555,0.30190944302985223,0.2952356047128439,0.019080530064547893,LICHSGFIN.BO,0.29026916878075293,0.2853848169817784,0.2942428359853516,0.29759034606317025,0.42422354671675666,0.29707248178096807,0.3006695539555296,0.30809335094888407
2022-11-22,0.2968048828022387,0.2755975967956966,0.305333780492005,0.2953887228606991,0.03818920531820044,LICHSGFIN.BO,0.2893523029891629,0.28372689041600385,0.29069831775878263,0.2988297715447561,0.42526284855019414,0.2952356047128439,0.29707248178096807,0.3006695539555296
2022-11-23,0.29460679265627543,0.27613723787120736,0.30502241913848316,0.29278650082881646,0.010115094741953934,LICHSGFIN.BO,0.2861352041178048,0.282251321556965,0.286878536781604,0.28518731571113565,0.4256898062260649,0.2953887228606991,0.2952356047128439,0.29707248178096807
2022-11-24,0.3018072850112744,0.27698533757073907,0.30502247495787427,0.293934567429558,0.007333968428730418,LICHSGFIN.BO,0.2847196863998316,0.28022035792008526,0.2827411503780439,0.2957189502206007,0.42795884668526823,0.29278650082881646,0.2953887228606991,0.2952356047128439
2022-11-25,0.2995334100608634,0.2908626700702611,0.3081354010713655,0.31230269909445235,0.08582708454480881,LICHSGFIN.BO,0.2879206790629475,0.28136432762316055,0.27946765465083,0.44499194059125136,0.44232870481774295,0.293934567429558,0.29278650082881646,0.2953887228606991
2022-11-28,0.31431323414355283,0.3021187315863906,0.32268856817869207,0.3230940139283444,0.034953462645371094,LICHSGFIN.BO,0.2937757868181038,0.2841496551149423,0.2768717260514172,0.516064717849112,0.4613147914993111,0.31230269909445235,0.293934567429558,0.29278650082881646
2022-11-29,0.32507604492811093,0.3025813832430483,0.3283697895463743,0.3165120963951244,0.012336656532808465,LICHSGFIN.BO,0.2982153665241718,0.28596509154600724,0.2752752102574415,0.4707184873746796,0.47292274130488166,0.3230940139283444,0.31230269909445235,0.293934567429558
2022-11-30,0.3185577410976759,0.30011429805831824,0.32650199787727874,0.31712442152123493,0.017806840998286007,LICHSGFIN.BO,0.30333055982498924,0.2869432776435724,0.27409370599515404,0.47494068058272554,0.483081173520206,0.3165120963951244,0.3230940139283444,0.31230269909445235
2022-12-01,0.32007357335046915,0.3112161748704213,0.3285254127038211,0.32875751750505405,0.037500363740791395,LICHSGFIN.BO,0.310649431605041,0.289985580904625,0.2763931950663646,0.5515634665321476,0.49882554127875095,0.31712442152123493,0.3165120963951244,0.3230940139283444
2022-12-02,0.32454546790501093,0.3104452355065065,0.3361522290012092,0.32791568720002323,0.023769804791646892,LICHSGFIN.BO,0.3139308726604486,0.2933263138225619,0.27839625004907975,0.5448961539474712,0.5110274000183306,0.32875751750505405,0.31712442152123493,0.3165120963951244
2022-12-05,0.3350808677500614,0.32224100910485876,0.3423781925757807,0.3419979853780771,0.02076351696558607,LICHSGFIN.BO,0.31790399219438803,0.2983913069802746,0.2809710045907534,0.6285352408772495,0.529573769576602,0.32791568720002323,0.32875751750505405,0.31712442152123493
2022-12-06,0.339552725670516,0.33002778248363274,0.35132804470348233,0.3513351447808278,0.02433700190767138,LICHSGFIN.BO,0.3252228846366697,0.3044510550126205,0.2832196813630965,0.6760430011746064,0.5499356378989092,0.3419979853780771,0.32791568720002323,0.32875751750505405
2022-12-07,0.34910278553702756,0.3301819621354679,0.3510167051264683,0.3409265024288151,0.010829219285846837,LICHSGFIN.BO,0.33022545845317064,0.3096652629987753,0.28512957049175924,0.5901885707222981,0.559237428368526,0.3513351447808278,0.3419979853780771,0.32791568720002323
2022-12-08,0.3412959751584481,0.3213158712653186,0.34798159573583287,0.3406203644433116,0.0154102065904584,LICHSGFIN.BO,0.33271871808508746,0.31472196111963957,0.2866752712670142,0.5877287532100635,0.5660355765154675,0.3409265024288151,0.3513351447808278,0.3419979853780771
2022-12-09,0.3472079184140918,0.32339745598359126,0.34525770618621743,0.3416153128961978,0.007185132852448131,LICHSGFIN.BO,0.33559802049018594,0.31789691043206614,0.2888815972040256,0.593804201619856,0.5716019128565243,0.3406203644433116,0.3409265024288151,0.3513351447808278
2022-12-12,0.3404622425809505,0.31861747392115813,0.3460359669926334,0.3392427435085464,0.019743134601266154,LICHSGFIN.BO,0.33501894083374073,0.31964603448575857,0.29119802824128094,0.5723836405639271,0.5740504888972864,0.3416153128961978,0.3406203644433116,0.3409265024288151
2022-12-13,0.3428876263863886,0.3371976963095128,0.3520284254282693,0.3548556824590135,0.04827233857422196,LICHSGFIN.BO,0.33575886561919466,0.32379915924743585,0.29424707623660606,0.6660406299801104,0.5851868060201252,0.3392427435085464,0.3416153128961978,0.3406203644433116
2022-12-14,0.3579706662352392,0.3479141892261649,0.36946112934803566,0.36403982202411617,0.06592652769939793,LICHSGFIN.BO,0.34061667985269917,0.3288807265063739,0.29734270987881073,0.7118858036148163,0.5990143763337045,0.3548556824590135,0.3392427435085464,0.3416153128961978
2022-12-15,0.36077504253792503,0.34922482625288365,0.3687607231783008,0.3576109243285443,0.026662080749978657,LICHSGFIN.BO,0.3441876504052146,0.3320059375426532,0.3004933933512839,0.652001914525446,0.6051064620224965,0.36403982202411617,0.3548556824590135,0.3392427435085464
2022-12-16,0.3581980393459684,0.3361183726406637,0.3529622815866783,0.34360516064686647,0.020993448849458064,LICHSGFIN.BO,0.34460586427042106,0.33370531799604086,0.30306814245325087,0.5370623310321042,0.6003678168690831,0.3576109243285443,0.36403982202411617,0.3548556824590135
2022-12-19,0.3457677887826631,0.331878056577637,0.35506354855401046,0.3524065785749862,0.004654451018545772,LICHSGFIN.BO,0.3473725575223181,0.3348327082737338,0.30623153036036765,0.5886352444257413,0.6013472925308878,0.34360516064686647,0.3576109243285443,0.36403982202411617
2022-12-20,0.3541809181461968,0.3385083499671915,0.361289512938641,0.3593711685900855,0.03343457650792621,LICHSGFIN.BO,0.3483215944059327,0.33570311745799863,0.30977181105553553,0.6265266351445096,0.6056560344181211,0.3524065785749862,0.34360516064686647,0.3576109243285443
2022-12-21,0.36395835973974733,0.36024958404308194,0.3654141883144921,0.354626078969886,0.07751328190555333,LICHSGFIN.BO,0.3463430722464117,0.33718696538141435,0.31319352246707055,0.587591002560179,0.6052593064068671,0.3593711685900855,0.3524065785749862,0.34360516064686647
2022-12-22,0.3578948487722532,0.3433654281083902,0.35981087860776784,0.35393726850250323,0.01591300369751459,LICHSGFIN.BO,0.3455709660378181,0.33862936474137406,0.3165135956816042,0.5818150001055099,0.6036970216659296,0.354626078969886,0.3593711685900855,0.3524065785749862
2022-12-23,0.3459194085438947,0.3290254964077326,0.34121082201581576,0.32998211860217136,0.032925100881421455,LICHSGFIN.BO,0.3427077595098469,0.3373693337364644,0.31749183442930196,0.41111157962137557,0.5868047560595182,0.35393726850250323,0.354626078969886,0.3593711685900855
2022-12-26,0.33189750593174483,0.331723879109465,0.33809784443226565,0.34949831686780725,0.014808662802984155,LICHSGFIN.BO,0.34209651909249195,0.33848014991293185,0.31895283897360005,0.5294619140321378,0.5850642536403443,0.32998211860217136,0.35393726850250323,0.354626078969886
2022-12-27,0.3575916496349206,0.3423631774003758,0.3610560470081511,0.3589884961082061,0.0163618956118788,LICHSGFIN.BO,0.34201609136243005,0.33892778907410126,0.3213031457833848,0.5780866485368029,0.5889944134312937,0.34949831686780725,0.32998211860217136,0.35393726850250323
2022-12-28,0.35493890370876724,0.3462180555149549,0.3672820538505549,0.36235606310384744,0.008321912270014449,LICHSGFIN.BO,0.3436407315096791,0.3387454153948941,0.3238059058088919,0.5948189052229436,0.5935241002679611,0.3589884961082061,0.34949831686780725,0.32998211860217136
2022-12-29,0.3657775067871989,0.34328840694070484,0.3635465001597731,0.3629683390748543,0.00520018146491416,LICHSGFIN.BO,0.3455388259391383,0.33932569528328027,0.32569886113106983,0.597987875225912,0.5967624799007909,0.36235606310384744,0.3589884961082061,0.34949831686780725
2022-12-30,0.3634278365667013,0.3548528693779097,0.3704728252005932,0.3596773557306924,0.02761710903112333,LICHSGFIN.BO,0.35177998679859146,0.3410665296242813,0.3274562997638636,0.5724980066698139,0.5965306377046711,0.3629683390748543,0.36235606310384744,0.3589884961082061
2023-01-02,0.36259411100901195,0.3540818938903235,0.3703172048669565,0.37521376018478386,0.04146406503351424,LICHSGFIN.BO,0.3571846992654014,0.3435368533579535,0.329294197096213,0.6539117382201683,0.6052632454821469,0.3596773557306924,0.3629683390748543,0.36235606310384744
2023-01-03,0.380633118268107,0.35716578367909313,0.38346954092949914,0.3706217395573362,0.015914434808824998,LICHSGFIN.BO,0.35962970225928115,0.34475544112356404,0.33036136416656203,0.6173188896881279,0.608431950562805,0.37521376018478386,0.3596773557306924,0.3629683390748543
2023-01-04,0.37214414903960247,0.352000279130401,0.37016154896533604,0.3697798600972018,0.013927575272877149,LICHSGFIN.BO,0.36118998989136564,0.3463967989122704,0.33195787996053794,0.6104418286288593,0.6095319757476547,0.3706217395573362,0.37521376018478386,0.3596773557306924
2023-01-05,0.37456957540401403,0.3631792917685709,0.37483102492632414,0.3692441186225707,0.03152929031667154,LICHSGFIN.BO,0.36250899433326467,0.3480547361263592,0.3335416913198702,0.6057915746240454,0.6091886345715789,0.3697798600972018,0.3706217395573362,0.37521376018478386
2023-01-06,0.3710830734125321,0.3501500031798883,0.35553056800503524,0.34544203771499055,0.09448339982435494,LICHSGFIN.BO,0.35951710343719445,0.34972925276583045,0.33375343189726214,0.42999928211371274,0.5932837643167788,0.3692441186225707,0.3697798600972018,0.3706217395573362
2023-01-09,0.35402940274235273,0.3314926156388418,0.3525731969112825,0.3413091749106944,0.024073677426556563,LICHSGFIN.BO,0.35239124787817633,0.348842258832026,0.3338677718090538,0.40485317335715654,0.5775709850120611,0.34544203771499055,0.3692441186225707,0.3697798600972018
2023-01-10,0.34576780645783345,0.32185551809925694,0.3408995003912356,0.33090053255868174,0.027625695698985774,LICHSGFIN.BO,0.3440428908222182,0.3457999555709733,0.3325422839541399,0.34516928344685227,0.5582942299378477,0.3413091749106944,0.34544203771499055,0.3692441186225707
2023-01-11,0.33371652469023005,0.32185551303864846,0.3394986641586488,0.3417683327338458,0.01924987823627934,LICHSGFIN.BO,0.3381556016439222,0.34357002818118976,0.33130995651357165,0.4234292711031449,0.5496449175692036,0.33090053255868174,0.3413091749106944,0.34544203771499055
2023-01-12,0.34356979697161827,0.3231662076913082,0.34595812976173257,0.33817130971438797,0.007929787770963037,LICHSGFIN.BO,0.3316249112873615,0.34088417724170283,0.3302343225399802,0.40183465114375916,0.540446439697385,0.3417683327338458,0.33090053255868174,0.3413091749106944
2023-01-13,0.3411444232321811,0.3224723194030912,0.34961589028926443,0.34230412336358046,0.01526280212548652,LICHSGFIN.BO,0.3309654039008545,0.339002423109108,0.3301623334635201,0.4318005561003284,0.5357181744766981,0.33817130971438797,0.3417683327338458,0.33090053255868174
2023-01-16,0.3435697636601872,0.3301819445543033,0.34315643352025005,0.3316658775224402,0.029046789230219538,LICHSGFIN.BO,0.3289386354344114,0.33428560320858414,0.3290147076936154,0.36658159065212403,0.5253820276808282,0.34230412336358046,0.33817130971438797,0.3417683327338458
2023-01-17,0.3343228944887291,0.31036808216148426,0.33327268527418985,0.32837484502317477,0.026751286688327335,LICHSGFIN.BO,0.3284078020848883,0.32970969777549686,0.32729961717629996,0.3475419282675325,0.515328294706452,0.3316658775224402,0.34230412336358046,0.33817130971438797
2023-01-18,0.3309879581952182,0.31306648481568067,0.3409773502350848,0.3325842423238468,0.009473479837788304,LICHSGFIN.BO,0.32647754689451935,0.3256809133800308,0.3260799968902286,0.3817989135681208,0.5102637175221362,0.32837484502317477,0.3316658775224402,0.34230412336358046
2023-01-19,0.3321249091257239,0.3085949325094559,0.3359187988730924,0.3248543565000927,0.013799729329147494,LICHSGFIN.BO,0.32367867221948254,0.3208729066399034,0.3244707793814625,0.33463407278820156,0.5017585245618623,0.3325842423238468,0.32837484502317477,0.3316658775224402
2023-01-20,0.3199978490231804,0.3070529934583982,0.33148278623365524,0.3216399076523067,0.006106074924401545,LICHSGFIN.BO,0.31933559545837376,0.31829481664124526,0.32400918764260134,0.3157238234664932,0.4934560263204506,0.3248543565000927,0.3325842423238468,0.32837484502317477
2023-01-23,0.32545500609711686,0.31106199882184293,0.33638569296499166,0.32791568720002323,0.0079503003664122,LICHSGFIN.BO,0.3185474037037678,0.31684412224443725,0.3228149762258169,0.37122116621439594,0.4912947537142454,0.3216399076523067,0.3248543565000927,0.3325842423238468
2023-01-24,0.33022999141954,0.30998259459051636,0.33957649237509235,0.32929325897968503,0.00939047538178472,LICHSGFIN.BO,0.31874043025591625,0.31667003295376417,0.3211718775048149,0.38332140252191105,0.4909307303093952,0.32791568720002323,0.3216399076523067,0.3248543565000927
2023-01-25,0.33121532906798157,0.3068987554721797,0.33101582326223733,0.3226348069500892,0.011978401668103343,LICHSGFIN.BO,0.31664931960542353,0.3145976154292712,0.3189740184710459,0.3379416656964763,0.48699335134329713,0.32929325897968503,0.32791568720002323,0.3216399076523067
2023-01-27,0.32249902576361167,0.3018104153198059,0.32027602171005043,0.3161294239132452,0.027724919416507298,LICHSGFIN.BO,0.3148155673600138,0.31221018349835417,0.31638232468318095,0.29673113660328465,0.48039617031515325,0.3226348069500892,0.32929325897968503,0.32791568720002323
2023-01-30,0.30946245316795096,0.30458589303245354,0.32066516293279546,0.3216399076523067,0.008991195326181277,LICHSGFIN.BO,0.3148155673600138,0.30997197172003643,0.31427763422331767,0.35025153284549637,0.4792450078608581,0.3161294239132452,0.3226348069500892,0.32929325897968503
2023-01-31,0.3187851458691042,0.3183090600859457,0.33023759658185414,0.33939581250129797,0.022648290561391577,LICHSGFIN.BO,0.3172283889307538,0.31080922737769345,0.3122957532983416,0.49464416633737895,0.48997093237349376,0.3216399076523067,0.3161294239132452,0.3226348069500892
2023-02-01,0.34281182975160995,0.32833161465273775,0.3124935728198772,0.3161294239132452,0.026349621447206543,LICHSGFIN.BO,0.31446169567885685,0.30948288399541113,0.309280581075546,0.3488605721142455,0.48442951726965255,0.33939581250129797,0.3216399076523067,0.3161294239132452
2023-02-02,0.3124184430808422,0.30990557920229644,0.32144341012113653,0.32990558410579557,0.01905143080123629,LICHSGFIN.BO,0.3159898225500316,0.3091927493753752,0.3070742551385345,0.4418732751076472,0.48918764108618995,0.3161294239132452,0.33939581250129797,0.3216399076523067
2023-02-03,0.32500018482279114,0.31645872985239787,0.3358408822616087,0.3375589354331738,0.011686931997883863,LICHSGFIN.BO,0.3204937444401491,0.31056882570964794,0.30532104859743536,0.4882566864409503,0.49816234728348,0.32990558410579557,0.3161294239132452,0.33939581250129797
2023-02-06,0.3353082635403708,0.32100745898360095,0.3192643323426073,0.319956148732038,0.08629696609172564,LICHSGFIN.BO,0.32013986242787706,0.3103864520304408,0.30391086179171123,0.38964264791458547,0.4946692836802967,0.3375589354331738,0.32990558410579557,0.3161294239132452
2023-02-07,0.31567757000872276,0.30720718863161134,0.2982517119711112,0.3009756919410331,0.13738143839089662,LICHSGFIN.BO,0.31206495965412917,0.30746848913559943,0.30167912698541266,0.30377725794026234,0.4805931152275926,0.319956148732038,0.3375589354331738,0.32990558410579557
2023-02-08,0.30627910587661344,0.3010394339667978,0.31202662994771135,0.3168182343806279,0.03332819723385265,LICHSGFIN.BO,0.31220972956824045,0.30611727661524335,0.3008999243804634,0.3988909481148841,0.47999018411261773,0.3009756919410331,0.319956148732038,0.3375589354331738
2023-02-09,0.31810297385087916,0.29433203185486356,0.317785671466685,0.3074810749778772,0.019670147924435416,LICHSGFIN.BO,0.3074966852488471,0.30447592415069413,0.2990027396864443,0.35738967493538465,0.4743284165987581,0.3168182343806279,0.3009756919410331,0.319956148732038
2023-02-10,0.3093108406305294,0.28700781627114025,0.3149061166413246,0.30357781566270853,0.013783033030526082,LICHSGFIN.BO,0.3003547441438166,0.30311641659348976,0.2970886103065272,0.34039259294439916,0.4681389243429922,0.3074810749778772,0.3168182343806279,0.3009756919410331
2023-02-13,0.3144648659274223,0.2898604375548087,0.3033102867606783,0.29171506703465805,0.014025367879088268,LICHSGFIN.BO,0.2944192086585984,0.29987515490369043,0.29428941347267135,0.29086288941431815,0.45666838538881854,0.30357781566270853,0.3074810749778772,0.3168182343806279
2023-02-14,0.2971838285033468,0.27289919081617986,0.29723998943001784,0.29416417091868546,0.017103211270669424,LICHSGFIN.BO,0.29298760539461277,0.2949759613239594,0.292214366693643,0.30727804889854604,0.45007016571523006,0.29171506703465805,0.30357781566270853,0.3074810749778772
2023-02-15,0.2962742703206951,0.2754433484497064,0.3037772450683365,0.29615401866935415,0.009594170224965927,LICHSGFIN.BO,0.288644528633504,0.29281235695986274,0.2904315219114154,0.321154982657896,0.4470795578866463,0.29416417091868546,0.29171506703465805,0.30357781566270853
2023-02-16,0.29915443856610746,0.27837301207295817,0.30642325173900087,0.2948529322309646,0.051987980573140996,LICHSGFIN.BO,0.28599042387257845,0.2890156845197511,0.28834377069774353,0.314883319737837,0.44490778905884654,0.29615401866935415,0.29416417091868546,0.29171506703465805
2023-02-17,0.29134769350600864,0.27228244633721743,0.2957613237625273,0.2863577014434519,0.024933775324110934,LICHSGFIN.BO,0.282371207013141,0.28346990399841865,0.2862136713685931,0.2743987657702097,0.4389390129458375,0.2948529322309646,0.29615401866935415,0.29416417091868546
2023-02-20,0.29377309384376615,0.2688130797548056,0.28945753946662434,0.27709702738197334,0.022526169062903546,LICHSGFIN.BO,0.27929887805589415,0.2788276861879586,0.28374902192716345,0.2337109462431706,0.429588507471587,0.2863577014434519,0.2948529322309646,0.29615401866935415
2023-02-21,0.27975116509155573,0.25971561951567135,0.2848658510563675,0.27418871651969084,0.024672836028513462,LICHSGFIN.BO,0.27510056087778156,0.2759262973943426,0.2807761978198462,0.22134439190360147,0.42163610782396366,0.27709702738197334,0.2863577014434519,0.2948529322309646
2023-02-22,0.27664358781057474,0.25285405914839265,0.2774725326237443,0.2661526435553297,0.020304130234945546,LICHSGFIN.BO,0.26879505783427904,0.27043853421353437,0.2772824973318512,0.18802666076164273,0.4116884165099155,0.27418871651969084,0.27709702738197334,0.2863577014434519
2023-02-23,0.27724995749331904,0.25200599521221156,0.2708574775292686,0.26531081325029887,0.006408993485104279,LICHSGFIN.BO,0.26258607839796566,0.2658709291414526,0.2741106425214921,0.18456175887375978,0.4047541848053715,0.2661526435553297,0.27418871651969084,0.27709702738197334
2023-02-24,0.26989798069790205,0.2476886170906435,0.2714022705544272,0.2621728988988888,0.0469032420872663,LICHSGFIN.BO,0.25750306652028787,0.2613862211962832,0.27112511669938455,0.17118853469825077,0.39883544176111607,0.26531081325029887,0.2661526435553297,0.27418871651969084
2023-02-27,0.2639101622554708,0.24051857432663493,0.26455365670521114,0.26209631524740934,0.023336178064593687,LICHSGFIN.BO,0.2543503098329791,0.2581781130330917,0.2678304469144315,0.1708481551938529,0.3956790304650687,0.2621728988988888,0.26531081325029887,0.2661526435553297
2023-02-28,0.26398600530690264,0.2449131585155343,0.2732700773514768,0.2621728988988888,0.01834207662837808,LICHSGFIN.BO,0.25182489977126765,0.2547130291006291,0.2635575438214872,0.17173269168505398,0.3948178357614791,0.26209631524740934,0.2621728988988888,0.26531081325029887
2023-03-01,0.26481975923430634,0.25061826920155084,0.2732700684139302,0.2718927307835188,0.021659869683004075,LICHSGFIN.BO,0.25303131572219506,0.25208520614998076,0.2611098363461022,0.27967311263844974,0.40174744030174,0.2621728988988888,0.26209631524740934,0.2621728988988888
2023-03-02,0.2758856608659278,0.2517747021679838,0.28074118458876274,0.2688313509284846,0.007659307733296189,LICHSGFIN.BO,0.2537712405076489,0.2492667198074342,0.2577304730500456,0.26124999580781594,0.40677242465117724,0.2718927307835188,0.2621728988988888,0.26209631524740934
2023-03-03,0.27156535312620866,0.2565546628848764,0.2817528564490216,0.2748775269870735,0.01732455648667898,LICHSGFIN.BO,0.25644142048347174,0.24802326290374976,0.2542621814313377,0.32504896246254567,0.4158983116165091,0.2688313509284846,0.2718927307835188,0.2621728988988888
2023-03-06,0.27740150545682085,0.25794239143361697,0.28657798330194895,0.27656128590734236,0.01498850579099192,LICHSGFIN.BO,0.2594815783486939,0.24796523491491118,0.25186105416312554,0.34250170155092263,0.4254266837504649,0.2748775269870735,0.2688313509284846,0.2718927307835188
2023-03-08,0.2775531242868924,0.25385630366585255,0.28019638792016865,0.2753367339653287,0.007316795093005539,LICHSGFIN.BO,0.26224827160059094,0.24808958060527964,0.25044239773430577,0.33325567417239654,0.4333574714927324,0.27656128590734236,0.2748775269870735,0.2688313509284846
2023-03-09,0.27785633466080417,0.25532117358246487,0.28058552611266563,0.2688313509284846,0.012785071410069206,LICHSGFIN.BO,0.26160484976009635,0.24837972054947266,0.24778718449307646,0.28545784831227317,0.43666994677285764,0.2753367339653287,0.27656128590734236,0.2748775269870735
2023-03-10,0.2692915478728194,0.2439108212404303,0.26945661475029725,0.263320867189423,0.009848908038218303,LICHSGFIN.BO,0.2604466904472059,0.24816418269534346,0.24534370910938585,0.24822122528189325,0.43694357953358653,0.2688313509284846,0.2753367339653287,0.27656128590734236
2023-03-13,0.26178796375337854,0.24437343067578965,0.26221894875451524,0.254136776779424,0.023585191432604437,LICHSGFIN.BO,0.25608752814008473,0.2472937628627644,0.24260803444874768,0.19295057800023616,0.4325541032557245,0.263320867189423,0.2688313509284846,0.2753367339653287
2023-03-14,0.2570887237522238,0.23805150303376332,0.26323065956491554,0.25451944926130327,0.009089942006599332,LICHSGFIN.BO,0.2514549115507533,0.24647308663048983,0.24054992419605736,0.19787803905068987,0.43049650289425806,0.254136776779424,0.263320867189423,0.2688313509284846
2023-03-15,0.25875616579899374,0.23882243100917566,0.2622189133269124,0.2509988624280139,0.019597161247604678,LICHSGFIN.BO,0.2463397285810508,0.24526278857757022,0.23816149864263558,0.1769320090715936,0.42786770998601054,0.25451944926130327,0.254136776779424,0.263320867189423
2023-03-16,0.25034303568983884,0.23812858416662663,0.2567712400369331,0.25696855314533057,0.022280494954617078,LICHSGFIN.BO,0.24384647928024894,0.24364629992693765,0.2359932860095546,0.25646995891024305,0.4307091936667335,0.2509988624280139,0.25451944926130327,0.254136776779424
2023-03-17,0.26186379926858094,0.24036446009612256,0.26618803942932734,0.2581166197460721,0.016346153387464327,LICHSGFIN.BO,0.24275268281363815,0.24248575079847978,0.2339605900658578,0.2714010236526536,0.4348127557828363,0.25696855314533057,0.2509988624280139,0.25451944926130327
2023-03-20,0.2511009988324733,0.23296317342347772,0.2583277526333704,0.25367761895627244,0.016967255696180794,LICHSGFIN.BO,0.24265617986867882,0.2401895163554807,0.23215233369448995,0.23876845080637984,0.43639210598447853,0.2581166197460721,0.25696855314533057,0.2509988624280139
2023-03-21,0.2570887189400586,0.2327318146854448,0.2600398697690419,0.25130504956862093,0.028330756537912765,LICHSGFIN.BO,0.2419805972672745,0.23745392713984637,0.23072521036242788,0.22177574054399316,0.43725782743592007,0.25367761895627244,0.2581166197460721,0.25696855314533057
2023-03-22,0.25185894687905364,0.23126704641956908,0.25856122400180515,0.24732530491218013,0.0056757874570726235,LICHSGFIN.BO,0.24120851172091085,0.23441991359148495,0.2292388023885491,0.1939020149120367,0.4365574695289124,0.25130504956862093,0.25367761895627244,0.2581166197460721
2023-03-23,0.2500399295684148,0.22440544386933803,0.2493001510689501,0.2383708179913086,0.004059585750520091,LICHSGFIN.BO,0.23729975503325074,0.23112062923700416,0.22770157667609636,0.13832836966086384,0.4315517428691218,0.24732530491218013,0.25130504956862093,0.25367761895627244
2023-03-24,0.23920131937383926,0.21569347096409197,0.22719791156871177,0.21617586319741405,0.024665203434857962,LICHSGFIN.BO,0.228484906811819,0.22601419283999258,0.22498283854179624,0.04113117263617441,0.41501543078337505,0.2383708179913086,0.24732530491218013,0.25130504956862093
2023-03-27,0.21926746003787428,0.20089093666541957,0.22634188059938615,0.21625239769379,0.018657875190874473,LICHSGFIN.BO,0.220619105805117,0.22191080635446248,0.22244196249250536,0.042196662164134174,0.40345101949119344,0.21617586319741405,0.2383708179913086,0.24732530491218013
2023-03-28,0.21964642756800135,0.1961880606735787,0.2201159188726004,0.21342067048298696,0.014449453864072096,LICHSGFIN.BO,0.2126568018534558,0.217459257260058,0.21974863866719885,0.03177869273724601,0.39410945439056816,0.21625239769379,0.21617586319741405,0.2383708179913086
2023-03-29,0.21646316764647838,0.1986552170321375,0.22151680539301566,0.21870155073292102,0.025736628769249044,LICHSGFIN.BO,0.20664083863817584,0.2139610251251448,0.21734327930729214,0.10911327070657603,0.3916490102673687,0.21342067048298696,0.21625239769379,0.21617586319741405
2023-03-31,0.22593740231304743,0.20975707191055204,0.23264567209784093,0.2287275206030544,0.01993442647975717,LICHSGFIN.BO,0.2046140701717326,0.21090214243870975,0.21495485919357682,0.23886487956598199,0.3975516837278149,0.21870155073292102,0.21342067048298696,0.21625239769379
2023-04-03,0.23169772223394303,0.213843169853411,0.2394942057543037,0.2359982486036571,0.00631931050965213,LICHSGFIN.BO,0.2087802162578205,0.20850642611925874,0.2131381359189667,0.3203254110973899,0.40823001908866935,0.2287275206030544,0.21870155073292102,0.21342067048298696
2023-04-05,0.23927709907772943,0.21422862123023467,0.23817114877408174,0.22819172997331977,0.006876489846503772,LICHSGFIN.BO,0.21128955110463465,0.20574596244139354,0.21055491447405073,0.2688174009449792,0.413174250531513,0.2359982486036571,0.2287275206030544,0.21870155073292102
2023-04-06,0.23131872905788164,0.22533055662111356,0.23513603027450825,0.24097294171298406,0.039539697358120816,LICHSGFIN.BO,0.21708031667574146,0.20462685655223478,0.20858573798371816,0.39497973640649453,0.4263423773658154,0.22819172997331977,0.2359982486036571,0.2287275206030544
2023-04-10,0.24276364771266412,0.21931706476652857,0.24533105100912023,0.2358451796109054,0.0207124739955149,LICHSGFIN.BO,0.22068345832028158,0.20338340497270746,0.20640058882429924,0.3588485396185298,0.4346928107203743,0.24097294171298406,0.22819172997331977,0.2359982486036571
2023-04-11,0.23958033142987956,0.21885445497985345,0.24634275788080573,0.2354625071290261,0.01638193117022449,LICHSGFIN.BO,0.2220989760382548,0.2030683958904408,0.20455422186885408,0.3561199135873019,0.44211742295307344,0.2358451796109054,0.24097294171298406,0.22819172997331977
2023-04-12,0.23904975914920235,0.21476834045841664,0.24221806492558096,0.23094697184285068,0.023519837349429203,LICHSGFIN.BO,0.22103733000143855,0.2046683051156909,0.20276290746353098,0.323463273092342,0.4461680088912753,0.2354625071290261,0.2358451796109054,0.24097294171298406
2023-04-13,0.23268306352986456,0.2072129098940162,0.23373524996378525,0.2263549512154029,0.01656368230664613,LICHSGFIN.BO,0.22065128722825678,0.20576254719093312,0.20122568175107813,0.29151595204849257,0.447481514372399,0.23094697184285068,0.2354625071290261,0.2358451796109054
2023-04-17,0.22821119093328673,0.21153024912394525,0.23466905531915272,0.23385523355002952,0.002687150003840149,LICHSGFIN.BO,0.21915533144910682,0.2079758845070201,0.200082288072868,0.3714597931355037,0.45413776394551614,0.2263549512154029,0.23094697184285068,0.2354625071290261
2023-04-18,0.23366834203045506,0.2144599722506323,0.2428406412939661,0.23446755867613994,0.014073548626538625,LICHSGFIN.BO,0.21886579162088415,0.20968355467309907,0.19916757693809428,0.37781049848567416,0.4606307327577439,0.23385523355002952,0.2263549512154029,0.23094697184285068
2023-04-19,0.23798862941864452,0.21499962683113205,0.24307416878092813,0.23209498928848843,0.01193022092065299,LICHSGFIN.BO,0.21815802759634007,0.21004829670735592,0.19779127134460617,0.35805784387941175,0.46506993173288363,0.23446755867613994,0.23385523355002952,0.2263549512154029
2023-04-20,0.2386707555297939,0.21330349962721096,0.24346325141937475,0.2340083025427812,0.0067887150194655,LICHSGFIN.BO,0.2188014391057197,0.20983275885322683,0.1964573084268899,0.38011032032635517,0.4705084540880015,0.23209498928848843,0.23446755867613994,0.23385523355002952
2023-04-21,0.2379885909425753,0.2136889831500005,0.24042807816292044,0.23232454362251237,0.003929354621273089,LICHSGFIN.BO,0.22005609103245427,0.21028039801439613,0.19527579872489587,0.36461863821787277,0.4744362959908575,0.2340083025427812,0.23209498928848843,0.23446755867613994
2023-04-24,0.23616959845240604,0.2209360729871399,0.24517539115459297,0.24334551110063557,0.014939848006438095,LICHSGFIN.BO,0.22205069873798777,0.2105373791078241,0.19483538104377374,0.4860940756098562,0.48501789545267987,0.23232454362251237,0.2340083025427812,0.23209498928848843
2023-04-25,0.25147995889570307,0.22918541098634448,0.2547478346233061,0.24388125257526644,0.0224441186811069,LICHSGFIN.BO,0.2240292105663938,0.21140779361624618,0.19464481452412097,0.4914714142586647,0.49418685748245655,0.24334551110063557,0.23232454362251237,0.2340083025427812
2023-04-26,0.24708388316835272,0.22587023781751825,0.25280219344211363,0.24602416931868692,0.0022950255047887377,LICHSGFIN.BO,0.2269567592784144,0.21255176331932157,0.19506829023919836,0.513720681937503,0.5031416654403623,0.24388125257526644,0.24334551110063557,0.23232454362251237
2023-04-27,0.2487514003179394,0.22394286213953163,0.25474784455941635,0.24579461498466298,0.012267486152805481,LICHSGFIN.BO,0.22943393336431883,0.21415996225726286,0.19670715686850582,0.5109121609506749,0.5103547421770405,0.24602416931868692,0.24388125257526644,0.24334551110063557
2023-04-28,0.25094942316592517,0.2314982941109982,0.25622645694703805,0.2524530670142588,0.03301049052294238,LICHSGFIN.BO,0.2336644216344561,0.2169867383125007,0.1987102145710743,0.580551004502274,0.5203943815503251,0.24579461498466298,0.24602416931868692,0.24388125257526644
2023-05-02,0.25557281998648795,0.24776563100474547,0.26486497944995435,0.26906090526250853,0.04186048286649687,LICHSGFIN.BO,0.23906912377015122,0.22079998485383767,0.201788903527381,0.7119229351051316,0.538706821037075,0.2524530670142588,0.24579461498466298,0.24602416931868692
2023-05-03,0.26701772313966754,0.25162047750696714,0.27700559679448455,0.27005590287049824,0.014650286484632489,LICHSGFIN.BO,0.24457034951303547,0.22465467995863087,0.20463044575686196,0.718468674555712,0.5536057951117974,0.26906090526250853,0.2524530670142588,0.24579461498466298
2023-05-04,0.26550188945234676,0.2709718007011347,0.2755269616821223,0.29163853253828226,0.04731492510755994,LICHSGFIN.BO,0.2541572936119457,0.23110404448746458,0.20811144181021335,0.8324970979317479,0.5784333232967986,0.27005590287049824,0.26906090526250853,0.2524530670142588
2023-05-05,0.29195402519073066,0.27004661431005084,0.2941270166008274,0.2840616665521762,0.011127844512618348,LICHSGFIN.BO,0.2622000252936688,0.23652549529090017,0.21077088986299053,0.7412011104392366,0.5926659439804249,0.29163853253828226,0.27005590287049824,0.26906090526250853
2023-05-08,0.2864968484711059,0.2731304845233278,0.29708434414812546,0.2930926879694235,0.024601280462993133,LICHSGFIN.BO,0.27074140890177534,0.24310750054695074,0.21436199373643905,0.7846929306022643,0.6087391652442016,0.2840616665521762,0.29163853253828226,0.27005590287049824
2023-05-09,0.29551631506269327,0.27451816512808236,0.3005085924315988,0.2897251209737823,0.005422003718027185,LICHSGFIN.BO,0.2750844856628841,0.24813103449289287,0.21705955237329344,0.7456426636281845,0.6183791111766593,0.2930926879694235,0.2840616665521762,0.29163853253828226
2023-05-10,0.29422783783183115,0.2739014339252738,0.29739564477690206,0.29584788068385065,0.00809007223772858,LICHSGFIN.BO,0.2805052836757067,0.2537597174652948,0.22037962558782698,0.7759761897596782,0.6287567496041975,0.2897251209737823,0.2930926879694235,0.2840616665521762
2023-05-11,0.2987754458981112,0.2828445818050541,0.30712366833351734,0.30357781566270853,0.045124847765534354,LICHSGFIN.BO,0.2830146081914058,0.25999354946415665,0.22414858610657828,0.8110902904731152,0.6405911912942472,0.29584788068385065,0.2897251209737823,0.2930926879694235
2023-05-12,0.30893189100348417,0.2846949398052857,0.31194881678644193,0.299904208991771,0.010999044494681753,LICHSGFIN.BO,0.28634429555373553,0.265854344391913,0.22796413227220902,0.7665835908281113,0.6463573008789376,0.30357781566270853,0.29584788068385065,0.2897251209737823
2023-05-15,0.2973353726615714,0.29001463619274337,0.30821321613745045,0.3100832478546562,0.03946909586680742,LICHSGFIN.BO,0.28991526610625085,0.27209646610346605,0.23259699162686653,0.8132860190962714,0.6558975864388853,0.299904208991771,0.30357781566270853,0.29584788068385065
2023-05-16,0.3124941940583963,0.3122955287487502,0.3237781196122895,0.33036479108405065,0.1333876837606552,LICHSGFIN.BO,0.29845666004547233,0.2787364993483551,0.23793706451001317,0.8851724875533455,0.6745537904235177,0.3100832478546562,0.299904208991771,0.30357781566270853
2023-05-17,0.32909311795535734,0.30474007440639395,0.29848516294855065,0.29248041199841673,0.2982874845022571,LICHSGFIN.BO,0.2977489063520432,0.28116537451857104,0.24114703534415616,0.5681667437606216,0.6640529456600363,0.33036479108405065,0.3100832478546562,0.299904208991771
2023-05-19,0.2881642929880134,0.27590590715712726,0.29653952792135796,0.29577134618747486,0.043937025377896864,LICHSGFIN.BO,0.2961081909898968,0.28161301367974034,0.24467037951298598,0.5839108689305854,0.6563733784809074,0.29248041199841673,0.33036479108405065,0.3100832478546562
2023-05-22,0.2980175313330157,0.2790669042205711,0.30471110753495045,0.29561827719472317,0.03266988603106561,LICHSGFIN.BO,0.29520740041320437,0.2828647496478016,0.24807938648987737,0.5828490561330981,0.6488550468154437,0.29577134618747486,0.29248041199841673,0.33036479108405065
2023-05-23,0.29581949691424547,0.27698529955763096,0.3063454629001843,0.29623055316572994,0.026186474757820193,LICHSGFIN.BO,0.2922959269160811,0.28320462254398493,0.25161543781320417,0.5861431902881357,0.642023543615579,0.29561827719472317,0.29577134618747486,0.29248041199841673
2023-05-24,0.3018072482090767,0.28176529820996643,0.3053337546276319,0.2999807434881469,0.018575824809077827,LICHSGFIN.BO,0.28590999614251666,0.28431544404460973,0.25474918203948593,0.6070018960052461,0.6377547897168794,0.29623055316572994,0.29561827719472317,0.29577134618747486
2023-05-25,0.3036263246054536,0.2803775689771728,0.3077462947700116,0.2999807434881469,0.04036497154712196,LICHSGFIN.BO,0.28748636932061356,0.28476308852993615,0.2578532825849329,0.6070018960052461,0.6332158903786963,0.2999807434881469,0.29623055316572994,0.29561827719472317
2023-05-26,0.30195883148279856,0.2819965640729327,0.3105479428998744,0.30311860868445334,0.031010273948097408,LICHSGFIN.BO,0.28903057140668575,0.28471335025378874,0.2610124356805019,0.6259018764220409,0.6304638174257251,0.2999807434881469,0.2999807434881469,0.29623055316572994
2023-05-30,0.3095382274313473,0.2901687716721749,0.3163847674178273,0.3062565230358634,0.022772320208293482,LICHSGFIN.BO,0.29126645197128964,0.28540139108300366,0.2643579177643224,0.6449232496923816,0.6291430728257473,0.30311860868445334,0.2999807434881469,0.2999807434881469
2023-05-31,0.3049147804476704,0.28276753785572295,0.3070458488123632,0.2950825357200922,0.007644996620192122,LICHSGFIN.BO,0.29102516878110407,0.2837766127196798,0.2667166941972029,0.5419179456772288,0.6200795869653343,0.3062565230358634,0.30311860868445334,0.2999807434881469
2023-06-01,0.2973353924960064,0.28353852433746374,0.3082132365032202,0.3026594508613018,0.02206344307253874,LICHSGFIN.BO,0.2915881628915369,0.2807757526979261,0.26857577102699803,0.5919086193157191,0.6166863290423459,0.2950825357200922,0.3062565230358634,0.30311860868445334
2023-06-02,0.30824974820117523,0.28546592854175046,0.3159178694186381,0.3065626610213669,0.00683498761850198,LICHSGFIN.BO,0.2929715095174855,0.28230104918479804,0.27059576525590456,0.6164341368924416,0.6154950348159525,0.3026594508613018,0.2950825357200922,0.3062565230358634
2023-06-05,0.30787078699153503,0.2880872409079581,0.3129605576757143,0.3005930194591538,0.07980306000220391,LICHSGFIN.BO,0.29244069683019236,0.2828233010843455,0.27109123548714853,0.561335239682182,0.6099173157777844,0.3065626610213669,0.3026594508613018,0.2950825357200922
2023-06-06,0.30847711068194683,0.28376978342616055,0.3089136548263819,0.2967662946403609,0.005484972615685076,LICHSGFIN.BO,0.29044609945577393,0.28294764677471396,0.2717942087643834,0.527218486904924,0.6022959833623308,0.3005930194591538,0.3065626610213669,0.3026594508613018
2023-06-07,0.2996092045920282,0.28161109888257296,0.30891366534636844,0.3024298473721743,0.01649546600085008,LICHSGFIN.BO,0.2919903118729611,0.28361911350270363,0.27231085305336666,0.5686449893001873,0.5990482165091822,0.2967662946403609,0.3005930194591538,0.3065626610213669
2023-06-08,0.3070370284183994,0.2851574896016973,0.30665670299730585,0.2942406562599577,0.03919289138389895,LICHSGFIN.BO,0.2902209018116009,0.28299738505086136,0.27256070693468915,0.4957182263371791,0.5906697050808425,0.3024298473721743,0.2967662946403609,0.3005930194591538
2023-06-09,0.2986238631480085,0.27552042108259,0.2935822039060604,0.2820717204913003,0.029924060463498794,LICHSGFIN.BO,0.2850735477498737,0.2810575976052707,0.2717984435759312,0.4026954508631524,0.575897799804827,0.2942406562599577,0.3024298473721743,0.2967662946403609
2023-06-12,0.2864968465636899,0.27128014548974344,0.294983071457122,0.2927100154875442,0.021705665244937087,LICHSGFIN.BO,0.2834167468417149,0.2799302073275779,0.27119710577584455,0.4851134904325175,0.5704349310652324,0.2820717204913003,0.2942406562599577,0.3024298473721743
2023-06-13,0.3002156157364213,0.27937530092204554,0.30665675807432957,0.29707248178096807,0.024283096714979396,LICHSGFIN.BO,0.2834810993568794,0.2789354524529447,0.2710404204684277,0.5162357676197096,0.5684341540485256,0.2927100154875442,0.2820717204913003,0.2942406562599577
2023-06-14,0.299230211536718,0.2754433484497064,0.30510022332648845,0.29615401866935415,0.00979595691973326,LICHSGFIN.BO,0.2821620845838654,0.27905150843062176,0.2702696874865742,0.5086078260099793,0.5658923175105142,0.29707248178096807,0.2927100154875442,0.2820717204913003
2023-06-15,0.2941520659849347,0.28777882421827383,0.30494463345179135,0.30204717489029503,0.026263754768582146,LICHSGFIN.BO,0.2838028102771266,0.278985190729092,0.2687028153734332,0.5522575130293592,0.5671815168660697,0.29615401866935415,0.29707248178096807,0.2927100154875442
2023-06-16,0.3063548542338963,0.30458582950007373,0.3163069488383732,0.3172773922037793,0.11396988846395484,LICHSGFIN.BO,0.2912021201183552,0.28014573985754987,0.27007488343552033,0.6486351418836036,0.5772503261435679,0.30204717489029503,0.29615401866935415,0.29707248178096807
2023-06-19,0.31939144775955,0.3035065092376479,0.3253345735480909,0.3139099235183453,0.029828653042805017,LICHSGFIN.BO,0.29565778537043563,0.28158813921750947,0.2710785283326518,0.6172662723343464,0.5825448688523412,0.3172773922037793,0.30204717489029503,0.29615401866935415
2023-06-20,0.31249424671703896,0.3021959489872269,0.3219882197864825,0.3236298537131827,0.02064473472682232,LICHSGFIN.BO,0.30123944917449674,0.2844978230479739,0.27262846663930795,0.6729961146354191,0.5921580661685178,0.3139099235183453,0.3172773922037793,0.30204717489029503
2023-06-21,0.32560659981093976,0.3274064815643213,0.3363856891763145,0.34628386802002137,0.13108550269931446,LICHSGFIN.BO,0.3117754301570216,0.2892478017992627,0.2753980197923288,0.7742701852081613,0.6130696686463097,0.3236298537131827,0.3139099235183453,0.3172773922037793
2023-06-22,0.3473594481096409,0.34668061328203237,0.35319579168569537,0.34153872924471834,0.09738426245054914,LICHSGFIN.BO,0.32007552024382757,0.29437081762165684,0.2776975088635395,0.7306482914298005,0.6255963634878621,0.34628386802002137,0.3236298537131827,0.3139099235183453
2023-06-23,0.3434939880638801,0.3227806906281103,0.3318718827347509,0.3220991146305619,0.03886039652278114,LICHSGFIN.BO,0.3210889199737216,0.2987063213866985,0.27892136396115874,0.5755598031648258,0.6222943766252567,0.34153872924471834,0.34628386802002137,0.3236298537131827
2023-06-26,0.32242327389712366,0.3078239645790811,0.3299263015145736,0.3244716840182134,0.03166429181695323,LICHSGFIN.BO,0.32330872532342814,0.3021465361810872,0.2801028736631528,0.5880032071338661,0.6201610614826796,0.3220991146305619,0.34153872924471834,0.34628386802002137
2023-06-27,0.3365967161264405,0.31237262104646535,0.33576307766301383,0.3300586039434436,0.009937159902360045,LICHSGFIN.BO,0.32465988019512193,0.30571937573022145,0.2814198918949711,0.617396682533,0.6209618891007513,0.3244716840182134,0.3220991146305619,0.34153872924471834
2023-06-28,0.3329585562142088,0.3119100058076052,0.338642585641845,0.3268441550956576,0.01257183582481862,LICHSGFIN.BO,0.32057416183909593,0.3090435292227759,0.2831773278079116,0.5917897588632346,0.618591989722272,0.3300586039434436,0.3244716840182134,0.3220991146305619
2023-06-30,0.32916885750790703,0.316844211316477,0.3380978098519828,0.3255431178123717,0.01291053216828152,LICHSGFIN.BO,0.3172123033847415,0.311588455046512,0.28444352830115593,0.5810957396693458,0.6149520038021404,0.3268441550956576,0.3300586039434436,0.3244716840182134
2023-07-07,0.3381125944983504,0.31476259324513967,0.33148272791982814,0.32179292748995486,0.40727615153179,LICHSGFIN.BO,0.3171479508695769,0.3120775480952944,0.2852862503594694,0.5495661738057745,0.6088389455325938,0.3255431178123717,0.3268441550956576,0.3300586039434436
2023-07-10,0.32431810590277654,0.3040461920704076,0.3317940878743284,0.3223287181196895,0.008411118208363128,LICHSGFIN.BO,0.3166975555812308,0.3129894164913297,0.2864889313993494,0.553263884614993,0.6035170119148187,0.32179292748995486,0.3255431178123717,0.3268441550956576
2023-07-14,0.3215895123835326,0.30497138234130194,0.3331170878669939,0.32653811542036154,0.009397153901233284,LICHSGFIN.BO,0.31595764112689184,0.3133044202494393,0.2881362676517526,0.5829105690138207,0.6011546853123596,0.3223287181196895,0.32179292748995486,0.3255431178123717
2023-07-17,0.3284867397899546,0.30520259968660823,0.3302375571812971,0.32217559997183415,0.04268861927811883,LICHSGFIN.BO,0.31497643315125246,0.3106931714000163,0.28922884087153544,0.5415672710188254,0.5958199857988243,0.32653811542036154,0.3223287181196895,0.32179292748995486
2023-07-19,0.3141616615216988,0.2978784448930226,0.32463420567182644,0.3130680440582109,0.022750376501533914,LICHSGFIN.BO,0.3123544994823517,0.30760941425135035,0.29027059907259745,0.462110275096862,0.585273442197221,0.32217559997183415,0.32653811542036154,0.3223287181196895
2023-07-20,0.31522280935030034,0.2993433115564672,0.32595724400571213,0.3191142692719035,0.027379544553595838,LICHSGFIN.BO,0.311791515703034,0.3072861154563924,0.2923202397021921,0.5106369687151662,0.5801652449672116,0.3130680440582109,0.32217559997183415,0.32653811542036154
2023-07-21,0.32113473111402924,0.29872654095695583,0.3271246040762913,0.3158998204241176,0.00690654318402231,LICHSGFIN.BO,0.3104403298379952,0.30635766763497463,0.29360337944162784,0.482557103972164,0.573630686737769,0.3191142692719035,0.3130680440582109,0.32217559997183415
2023-07-24,0.3156017988971258,0.3062820247596747,0.32696897252140145,0.32294099409069627,0.013618455229829324,LICHSGFIN.BO,0.309684309175414,0.3055867350030046,0.2950347375852379,0.5389748620562007,0.5724157368218272,0.3158998204241176,0.3191142692719035,0.3130680440582109
2023-07-26,0.3299267979908529,0.3122184158368547,0.34105513047367264,0.33135969038183316,0.015843833317511605,LICHSGFIN.BO,0.31161456436578294,0.30607582805178724,0.2969827400178312,0.5995405338748018,0.5762370414211974,0.32294099409069627,0.3158998204241176,0.3191142692719035
2023-07-28,0.3397042968374251,0.33966482921622543,0.3474367932827487,0.35929468324881325,0.08171740989842449,LICHSGFIN.BO,0.3213301928327922,0.30973157537614804,0.30015036273649587,0.7465504974018974,0.5960686283145513,0.33135969038183316,0.32294099409069627,0.3158998204241176
2023-08-03,0.35190712448994277,0.3471432073452515,0.3372418034304684,0.3285279631710301,0.10401698633718032,LICHSGFIN.BO,0.3233087046611982,0.3104610700929762,0.30077288003402824,0.5183865577990223,0.5917989306743574,0.35929468324881325,0.33135969038183316,0.32294099409069627
2023-08-04,0.3288657697269566,0.3668028583435565,0.3401991427665466,0.37850474352894564,0.38577847446396535,LICHSGFIN.BO,0.3364666193126238,0.3165456872633957,0.3043470446612855,0.7094589247659217,0.6187889484269168,0.3285279631710301,0.35929468324881325,0.33135969038183316
2023-08-07,0.38828826255014004,0.3858456848633225,0.3882946291606709,0.40123534148726386,0.148347567325439,LICHSGFIN.BO,0.35292203990323945,0.32463639893262153,0.3086411163722623,0.7680555465249175,0.6530588961040747,0.37850474352894564,0.3285279631710301,0.35929468324881325
2023-08-08,0.4004153405407671,0.3778276467216076,0.3966996898754971,0.3870765579679379,0.09714622093591817,LICHSGFIN.BO,0.364632265744667,0.3316660433498413,0.31089826004784793,0.690562846115233,0.6697555223892032,0.40123534148726386,0.37850474352894564,0.3285279631710301
2023-08-09,0.39124425505477733,0.36795927162738895,0.39024024633967636,0.38493359206941385,0.017022592000183183,LICHSGFIN.BO,0.3700208926654648,0.33945004629780584,0.31329938731606,0.679037248374908,0.6799482990169736,0.3870765579679379,0.40123534148726386,0.37850474352894564
2023-08-10,0.3926843702307119,0.37181411053628455,0.3855707862225086,0.3789639505072007,0.04118976869901964,LICHSGFIN.BO,0.3806212158320391,0.3459325696774045,0.3164458359769854,0.646096782193312,0.6825552136770714,0.38493359206941385,0.3870765579679379,0.40123534148726386
2023-08-11,0.3839680459400142,0.3673425123012367,0.38899507747158557,0.37613217414129413,0.02731180528490326,LICHSGFIN.BO,0.3801225639056557,0.35245654162045914,0.31930431745265775,0.630155240537139,0.6811358342060122,0.3789639505072007,0.38493359206941385,0.3870765579679379
2023-08-14,0.37767707687449326,0.35631768517103546,0.3829247055102525,0.3715401043587428,0.030672531678841448,LICHSGFIN.BO,0.37388140304620265,0.3577204772344471,0.3215995744321739,0.6036358939573109,0.675486027741377,0.37613217414129413,0.3789639505072007,0.38493359206941385
2023-08-16,0.3732052541586873,0.3531566968190385,0.3782552363887355,0.3715401043587428,0.022498023873798883,LICHSGFIN.BO,0.3706160475368073,0.362072555100714,0.3240726934966992,0.6036358939573109,0.6694351215435638,0.3715401043587428,0.37613217414129413,0.3789639505072007
2023-08-17,0.3754791044580186,0.35917025011470616,0.38689381147175794,0.37521376018478386,0.1901403109232433,LICHSGFIN.BO,0.3685731935243518,0.36379680469217546,0.326821072591981,0.619491180285221,0.665418081302989,0.3715401043587428,0.3715401043587428,0.37613217414129413
2023-08-18,0.37305663817570955,0.3548088546973003,0.3803244927806233,0.3713088295960913,0.03958310773453648,LICHSGFIN.BO,0.36696428766520606,0.36843054644444373,0.32956088958915564,0.5932422080480518,0.6583384961698875,0.37521376018478386,0.3715401043587428,0.3715401043587428
2023-08-21,0.3691894588812147,0.3638561404961843,0.3819921655032479,0.382554976604014,0.03697037551883748,LICHSGFIN.BO,0.36831419247198827,0.3688692410215916,0.33289333269638,0.644046295865822,0.6583399944920156,0.3713088295960913,0.37521376018478386,0.3715401043587428
2023-08-22,0.38349800503147524,0.36841919206228946,0.3966840161335835,0.38606946820445137,0.02931106778554129,LICHSGFIN.BO,0.37136788409782473,0.36722657349022503,0.33618732523786776,0.6592409075036526,0.6590925602235997,0.382554976604014,0.3713088295960913,0.37521376018478386
2023-08-23,0.3874425091639081,0.36904853606468857,0.396763435839511,0.38653801465239906,0.007831995164751918,LICHSGFIN.BO,0.3745200519115799,0.36716824202442855,0.33974863039884495,0.6613528070705371,0.6585352672242126,0.38606946820445137,0.382554976604014,0.3713088295960913
2023-08-24,0.3907682923133454,0.36999265164943995,0.3959693240702882,0.383179836281554,0.02306903728665112,LICHSGFIN.BO,0.37619431240404233,0.366978286745432,0.34362806047817884,0.634028297419892,0.654583955787377,0.38653801465239906,0.38606946820445137,0.382554976604014
2023-08-25,0.3800175082354209,0.3684977872674924,0.38985428514783205,0.3774004741255523,0.014318268660618156,LICHSGFIN.BO,0.37747461648925396,0.3668089412787846,0.34685315641637926,0.5874938686309124,0.6465164229843346,0.383179836281554,0.38653801465239906,0.38606946820445137
2023-08-28,0.37924410231276284,0.36196802547186757,0.39223676209822456,0.38146161963362984,0.02901625885559753,LICHSGFIN.BO,0.377244821498918,0.36738619172174913,0.3504808259972454,0.6104473063274413,0.6414209876847112,0.3774004741255523,0.383179836281554,0.38653801465239906
2023-08-29,0.37831600180318425,0.3698352299982054,0.39136319481487947,0.38645990719270656,0.029799553779493417,LICHSGFIN.BO,0.3773268815451456,0.3690022065223949,0.3539954584760382,0.6382891011384667,0.6392935959065283,0.38146161963362984,0.3774004741255523,0.383179836281554
2023-08-30,0.3846581658787356,0.3721954655050407,0.3958104842959542,0.383179836281554,0.013834076000597252,LICHSGFIN.BO,0.37662108043244624,0.37026294564020634,0.3568627740351449,0.6089586726489934,0.6343798868170509,0.38645990719270656,0.38146161963362984,0.3774004741255523
2023-08-31,0.3890666895580257,0.3673177301402505,0.39342798813729674,0.38731899093911687,0.025174202024259247,LICHSGFIN.BO,0.37749102229983045,0.37157410452628103,0.358413416783799,0.6337673101629698,0.6319421015470857,0.383179836281554,0.38645990719270656,0.38146161963362984
2023-09-01,0.39231511508450845,0.38431097222740196,0.40121065663064126,0.4022357953117583,0.11539575236622329,LICHSGFIN.BO,0.38271075615305583,0.37492390980801116,0.36249182316910933,0.7127385340337545,0.6381584526903014,0.38731899093911687,0.383179836281554,0.38645990719270656
2023-09-04,0.41319773911582214,0.4152291395594263,0.4212232340651395,0.42480614763219254,0.12201798143657816,LICHSGFIN.BO,0.3918206403558755,0.3795002784427709,0.3650537753614215,0.8021851056908003,0.6558325830426658,0.4022357953117583,0.38731899093911687,0.383179836281554
2023-09-05,0.4282023641145385,0.4209722460083798,0.4397269674863814,0.42957021112239907,0.09720775872226566,LICHSGFIN.BO,0.4008812967958507,0.38421199247658255,0.3666216021430616,0.8179966621448092,0.6712350456026938,0.42480614763219254,0.4022357953117583,0.38731899093911687
2023-09-06,0.4353178874435474,0.4138917351927721,0.43631212357179483,0.42675863750409065,0.39822151027084735,LICHSGFIN.BO,0.4100404190926299,0.38856842550340276,0.36881729345377123,0.7907775704711058,0.6799822067373877,0.42957021112239907,0.42480614763219254,0.4022357953117583
2023-09-07,0.42797026209015854,0.4146784289759633,0.43647093483821864,0.42894535144485896,0.05639294118657255,LICHSGFIN.BO,0.4187891895026966,0.3935254447540003,0.37125255488057385,0.7990469522515189,0.6865163900777222,0.42675863750409065,0.42957021112239907,0.42480614763219254
2023-09-08,0.434080404646621,0.4178253364390171,0.44433301103921485,0.4328502820335515,0.04224258958637544,LICHSGFIN.BO,0.4252235525432527,0.3995314028266035,0.3742341967522058,0.8140152412462558,0.692308288867594,0.42894535144485896,0.42675863750409065,0.42957021112239907
2023-09-11,0.43384836547776684,0.4206574988398405,0.44528598150289145,0.43519321089370494,0.0371478333213279,LICHSGFIN.BO,0.42740664111034654,0.4053512549858336,0.3775021657375667,0.823086301114389,0.6964835443797083,0.4328502820335515,0.42894535144485896,0.42675863750409065
2023-09-12,0.43887566279323287,0.4185333802047244,0.4251145863429995,0.4121542138151156,0.07992470446358847,LICHSGFIN.BO,0.4237462547577432,0.40813429309003835,0.37974942818620727,0.6030784365813026,0.6835974939465026,0.43519321089370494,0.4328502820335515,0.42894535144485896
2023-09-13,0.4116508950698451,0.4107448305821487,0.42479692950020675,0.4296482694269879,0.057985291037951636,LICHSGFIN.BO,0.4243535796825235,0.41316744778796066,0.3829646728158488,0.6868494879885032,0.68263816155318,0.4121542138151156,0.43519321089370494,0.4328502820335515
2023-09-14,0.43075467037995485,0.4398535812082357,0.4452066166337728,0.44698611011947514,0.10760048905843847,LICHSGFIN.BO,0.4281452745064288,0.41963019724788353,0.3869359849784898,0.7532333738745167,0.6909371396581444,0.4296482694269879,0.4121542138151156,0.43519321089370494
2023-09-15,0.4572060584977994,0.43505462105351955,0.4558482307388977,0.4412068462736806,0.05431687571227602,LICHSGFIN.BO,0.4299016053762338,0.4238512848756518,0.3908035864159344,0.7075690763724992,0.6920531917463348,0.44698611011947514,0.4296482694269879,0.4121542138151156
2023-09-18,0.4429748640896839,0.4207362193378723,0.4502097426512235,0.4377705112880394,0.019675872369677043,LICHSGFIN.BO,0.4304432863964781,0.4252554993804917,0.39385877583995244,0.6804516212081677,0.688982446104426,0.4412068462736806,0.44698611011947514,0.4296482694269879
2023-09-20,0.4356273056568687,0.4264793250433412,0.44806556673474474,0.4389420248732197,0.03936748696376855,LICHSGFIN.BO,0.4360733824675308,0.4262705925354593,0.39678432345765857,0.6856595773709631,0.6855251814644554,0.4377705112880394,0.4412068462736806,0.44698611011947514
2023-09-21,0.43980379716325757,0.42726598937252025,0.44949497007404826,0.4374580814492694,0.024612252316372915,LICHSGFIN.BO,0.43771480034549526,0.4274294858510417,0.3996018357834624,0.6727079430686952,0.6801570235333111,0.4389420248732197,0.4377705112880394,0.4412068462736806
2023-09-22,0.4364780236820428,0.4300981910059535,0.45068621480566007,0.4445650246445257,0.05038990627652028,LICHSGFIN.BO,0.43720595160863396,0.4291213060012685,0.4029984048713313,0.7069483963575169,0.6786827485309965,0.4374580814492694,0.4389420248732197,0.4377705112880394
2023-09-25,0.44939434492921804,0.4325370694253492,0.44981267813094994,0.4483137894689368,0.02837035061750068,LICHSGFIN.BO,0.438699644873605,0.4307962113042121,0.40692218487815324,0.7244390956479688,0.6781926000857429,0.4445650246445257,0.4374580814492694,0.4389420248732197
2023-09-26,0.4503997873582324,0.4430004616138411,0.46371030046163064,0.4504223959500127,0.028428072107020416,LICHSGFIN.BO,0.44135873956306215,0.43244573634999506,0.41073792687321986,0.7344265083181011,0.6774615110309207,0.4483137894689368,0.4445650246445257,0.4374580814492694
2023-09-27,0.45712865186050466,0.4349758841920922,0.4625190778033693,0.4549521370611416,0.014368834593585855,LICHSGFIN.BO,0.4447236456963336,0.4370813255847964,0.41452774322687724,0.7559548288990745,0.6780520711482346,0.4504223959500127,0.4483137894689368,0.4445650246445257
2023-09-28,0.44807950281458087,0.43788677424363354,0.45457758085800803,0.4411287388139881,0.015876271840547487,LICHSGFIN.BO,0.44549512170691385,0.43832481443342375,0.4177341755319106,0.6198385246166682,0.6682849657316263,0.4549521370611416,0.4504223959500127,0.4483137894689368
2023-09-29,0.45620053408298744,0.43654933884022706,0.4635514729368694,0.45018812272603875,0.03143913030411592,LICHSGFIN.BO,0.44667694960420645,0.438671635354695,0.42121285427027255,0.6692414664946273,0.6647108238417183,0.4411287388139881,0.4549521370611416,0.4504223959500127
2023-10-03,0.4377928838259961,0.4552733335649647,0.45243337325654653,0.47189944045516646,0.04554273226817308,LICHSGFIN.BO,0.45163403552148307,0.4419960550551072,0.42506748744730594,0.7642345787713174,0.6738787978200649,0.45018812272603875,0.4411287388139881,0.4549521370611416
2023-10-04,0.4723652512064622,0.4507890309928483,0.46228083586789714,0.45573311334785943,0.051211841205797144,LICHSGFIN.BO,0.4527502091831247,0.44394164583199736,0.4267787402516515,0.6340712645819679,0.6694258777179755,0.47189944045516646,0.45018812272603875,0.4411287388139881
2023-10-05,0.4603770405636286,0.4448885850107802,0.46847517276585227,0.46112183989519157,0.019210284156691425,LICHSGFIN.BO,0.4540469190789128,0.446344017347893,0.4285245569514048,0.6584029250697052,0.6677249680622521,0.45573311334785943,0.47189944045516646,0.45018812272603875
2023-10-06,0.4618466318255864,0.4469340989458581,0.46990468753197034,0.4571389001570137,0.034703495203153405,LICHSGFIN.BO,0.45741183554329923,0.4484757140381562,0.4302055595476354,0.6276419622986695,0.6623853284256942,0.46112183989519157,0.45573311334785943,0.47189944045516646
2023-10-09,0.43763817785479464,0.43513324253174357,0.4522745229445271,0.4532339695683211,0.02625850736044399,LICHSGFIN.BO,0.45805199275146247,0.4494146770699562,0.4315494988871612,0.5973484317929104,0.6543040799809517,0.4571389001570137,0.46112183989519157,0.45573311334785943
2023-10-10,0.4550404015612315,0.44221376625497644,0.46783991908203804,0.45901323341411565,0.049577035052209326,LICHSGFIN.BO,0.45534364963693086,0.4505735703855386,0.43299714895188346,0.6280780485964197,0.650175083176579,0.4532339695683211,0.4571389001570137,0.46112183989519157
2023-10-11,0.4665645336030978,0.4508677015316489,0.47824325593046957,0.46549541524203913,0.036479027302264544,LICHSGFIN.BO,0.4573954297327226,0.4522061805840384,0.43467383242111446,0.6611729342984279,0.6496257291344661,0.45901323341411565,0.4532339695683211,0.4571389001570137
2023-10-12,0.4635481464510841,0.45369989808673583,0.4772108843022327,0.46260578331914187,0.02277327428250042,LICHSGFIN.BO,0.457707315762631,0.4530351731497898,0.4374654218253625,0.6359723808699339,0.646072860359242,0.46549541524203913,0.45901323341411565,0.4532339695683211
2023-10-13,0.4632388161682236,0.4450459632022672,0.47308130680292093,0.4597161513962446,0.026805668918122787,LICHSGFIN.BO,0.4582489864517604,0.45504843928828453,0.4391291397540359,0.6103484586092945,0.640207299058362,0.46260578331914187,0.46549541524203913,0.45901323341411565
2023-10-16,0.4604544069670018,0.44425921175440486,0.4662516043000531,0.4619028653370129,0.026695950384324946,LICHSGFIN.BO,0.46007096122610136,0.45631730306991536,0.4399545145881669,0.6236191265664893,0.6357460435409559,0.4597161513962446,0.46260578331914187,0.46549541524203913
2023-10-17,0.4664871836741088,0.44897952172769284,0.4792756154380098,0.46861932038891024,0.019019946352407346,LICHSGFIN.BO,0.4620899090385102,0.4559620220629238,0.4414713033231178,0.6634657340986063,0.6352461510850729,0.4619028653370129,0.4597161513962446,0.46260578331914187
2023-10-18,0.46919419111743565,0.4500809505111827,0.4733194858323523,0.46049707852785865,0.013347498155059003,LICHSGFIN.BO,0.46103938961251956,0.45647802340197074,0.44272881116529805,0.5863824736917168,0.6286495564103112,0.46861932038891024,0.4619028653370129,0.4597161513962446
2023-10-19,0.46803405252509556,0.44606869290910567,0.464345605028182,0.4547959221417566,0.02334285658404225,LICHSGFIN.BO,0.45939796140344,0.45579284164514833,0.4436060400021006,0.5362370900068895,0.6188535763657027,0.46049707852785865,0.46861932038891024,0.4619028653370129
2023-10-20,0.45070917186453263,0.43387449139095025,0.45576878993994796,0.4430811795307826,0.2629705195840427,LICHSGFIN.BO,0.4559017261366367,0.45427020191269707,0.44391717761739613,0.4441595083610673,0.6029317196385356,0.4547959221417566,0.46049707852785865,0.46861932038891024
2023-10-23,0.44568183981835185,0.42522051340112554,0.44195052579728034,0.42996065011065426,0.008901512350729127,LICHSGFIN.BO,0.4491883093495552,0.4517493891967186,0.4431090874508222,0.35826489480348445,0.5815196726005196,0.4430811795307826,0.4547959221417566,0.46049707852785865
2023-10-25,0.4341577787507187,0.41593723397524307,0.4309119490933544,0.4234004591332456,0.023864735175237198,LICHSGFIN.BO,0.4396844894017147,0.44789204798581916,0.4417305814960353,0.320278037827069,0.5601202860510058,0.42996065011065426,0.4430811795307826,0.4547959221417566
2023-10-26,0.42309767135959475,0.40036008521693656,0.4158230429225579,0.41035798801770623,0.015107765066859135,LICHSGFIN.BO,0.4291465661695749,0.44191992493193966,0.43951373516655945,0.25303514426580775,0.5349530345453845,0.4234004591332456,0.42996065011065426,0.4430811795307826
2023-10-27,0.4117282686828546,0.40445110102678494,0.4248763757784104,0.4130133958717332,0.02301370098264873,LICHSGFIN.BO,0.42036497380724025,0.43654840407430917,0.4371931781118872,0.27658344195587603,0.5168596319420237,0.41035798801770623,0.4234004591332456,0.42996065011065426
2023-10-30,0.41397120914110075,0.4107448517258835,0.42003204791890314,0.42957021112239907,0.06703897822468734,LICHSGFIN.BO,0.4175253222214065,0.4332831943256241,0.4365536209335923,0.4083801931298072,0.5131391413479244,0.4130133958717332,0.41035798801770623,0.4234004591332456
2023-10-31,0.4256499654879802,0.42490581981786124,0.43996516435782174,0.4423782615486536,0.03914089433962084,LICHSGFIN.BO,0.4201351788169042,0.43116841780680115,0.43612148520569005,0.49215540934247026,0.51839611816908,0.42957021112239907,0.4130133958717332,0.41035798801770623
2023-11-01,0.44722874169881055,0.43049155662518024,0.4525128036569944,0.44058203575124416,0.03243947711009015,LICHSGFIN.BO,0.42374629608220316,0.42813160375177595,0.43438862860678795,0.48028822341635413,0.5215662199421317,0.4423782615486536,0.42957021112239907,0.4130133958717332
2023-11-02,0.45256544084829153,0.43041290798060206,0.42964123878771476,0.42582144629798785,0.10521911983792187,LICHSGFIN.BO,0.4269963098858641,0.4243757675970474,0.43273355437181993,0.3897713542918484,0.5150219975301102,0.44058203575124416,0.4423782615486536,0.42957021112239907
2023-11-03,0.43709683225389784,0.4379654442528115,0.44274473740733356,0.4472984908031415,0.44559558797923743,LICHSGFIN.BO,0.4342021386058854,0.4235636952027363,0.43196867995391874,0.5194063323419285,0.5234234961732911,0.42582144629798785,0.44058203575124416,0.4423782615486536
2023-11-06,0.46238794308205544,0.44032555572659693,0.46434558152573324,0.45167196783978186,0.01034598070003287,LICHSGFIN.BO,0.4388473488243685,0.42449419282465894,0.4316661833124752,0.5423870783704391,0.5328276892438367,0.4472984908031415,0.42582144629798785,0.44058203575124416
2023-11-07,0.45859820142115304,0.4364706877924196,0.4552923401770671,0.44526794262665464,0.05577708628599424,LICHSGFIN.BO,0.4394546840802638,0.4261521779561621,0.43122540661072095,0.5015802824648024,0.5362238612834056,0.45167196783978186,0.4472984908031415,0.42582144629798785
2023-11-08,0.4422014693536823,0.4274233991469649,0.4486214790487839,0.4344122837620908,0.014653148707253302,LICHSGFIN.BO,0.4381579638533607,0.4273449062904683,0.42986418532349113,0.4370038234881446,0.5321123669670633,0.44526794262665464,0.45167196783978186,0.4472984908031415
2023-11-09,0.4414280370404602,0.41900545611751827,0.44067997412925464,0.4276177704056045,0.01606899483034891,LICHSGFIN.BO,0.43853550411892006,0.429214372268348,0.4277683371066221,0.39940060789916376,0.5246852154959866,0.4344122837620908,0.44526794262665464,0.45167196783978186
2023-11-10,0.43709681850198545,0.4145998060880899,0.4350415036787998,0.4312883294601159,0.018091632149056923,LICHSGFIN.BO,0.43517058765453354,0.4311937927398046,0.42603547778786677,0.4237078131848274,0.5212375707319267,0.4276177704056045,0.4344122837620908,0.44526794262665464
2023-11-13,0.42797024527102645,0.4109808059182539,0.4417917345112785,0.42996065011065426,0.007703195146815324,LICHSGFIN.BO,0.43060743748227803,0.4312360825200914,0.42438904452675064,0.41570567082834065,0.5178461205460894,0.4312883294601159,0.4276177704056045,0.4344122837620908
2023-11-15,0.4309866875764081,0.43481853427447936,0.44544484922275596,0.4532339695683211,0.0658134699058758,LICHSGFIN.BO,0.4322816876436255,0.4324119013312714,0.4239093766430294,0.5569538935188941,0.5297999776462519,0.42996065011065426,0.4312883294601159,0.4276177704056045
2023-11-16,0.4587528896437688,0.43662803431429686,0.4618837709931838,0.447376598262834,0.009373779083163308,LICHSGFIN.BO,0.4350064468998487,0.433147843602415,0.42273397301163584,0.5187919774589291,0.5355674014407272,0.4532339695683211,0.42996065011065426,0.4312883294601159
2023-11-17,0.4481568631539835,0.4431578138808371,0.4605336972179612,0.4530777546489361,0.027021289688890716,LICHSGFIN.BO,0.44035746856214597,0.43610006744855245,0.42232344651799647,0.550340564126104,0.5435931700982488,0.447376598262834,0.4532339695683211,0.42996065011065426
2023-11-20,0.4585981808703109,0.43765075080461513,0.46275730377816593,0.4512033722367305,0.021501493364652412,LICHSGFIN.BO,0.4445430887999573,0.43652301849299124,0.4221246633216026,0.5371781336083428,0.5485969184248815,0.4530777546489361,0.447376598262834,0.4532339695683211
2023-11-21,0.4526427602751647,0.43513323880597987,0.4606130980408033,0.44776708640619295,0.009008368661906154,LICHSGFIN.BO,0.4482855351987881,0.43610006744855245,0.4223839442143733,0.5124237753595814,0.5502069484610715,0.4512033722367305,0.4530777546489361,0.447376598262834
2023-11-22,0.4470740445800806,0.4267939972691117,0.44878028584903296,0.4383171651956797,0.020270737637702724,LICHSGFIN.BO,0.4451504137247375,0.43534720500596846,0.4228463274305374,0.44747463976971147,0.5454088331604514,0.44776708640619295,0.4512033722367305,0.4530777546489361
2023-11-23,0.4371741215784216,0.4212082256444626,0.4474302084094368,0.43628661701919275,0.0061451919668859935,LICHSGFIN.BO,0.44281959021353523,0.4355502204424677,0.42355934512591364,0.4339929104028105,0.5402478013098067,0.4383171651956797,0.44776708640619295,0.4512033722367305
2023-11-24,0.4417373632884344,0.4235683712388685,0.449733241694792,0.43542753327278244,0.018563421844387636,LICHSGFIN.BO,0.43910997609808733,0.4363961225313454,0.4249464947744057,0.42802182447754744,0.5355880330090087,0.43628661701919275,0.4383171651956797,0.44776708640619295
2023-11-28,0.43763816606674977,0.4217589457983377,0.44909790944725847,0.44042582083185916,0.009692439868280514,LICHSGFIN.BO,0.4368448171536511,0.4373858354291523,0.42646328078950335,0.4673828115249732,0.5350080493316219,0.43542753327278244,0.43628661701919275,0.4383171651956797
2023-11-29,0.45070915343736784,0.45574535090814605,0.45656292160011314,0.4737737737122684,0.06088233736731809,LICHSGFIN.BO,0.44231074147667393,0.44213138448168765,0.4289091550837817,0.6626632662001686,0.5552194176418082,0.44042582083185916,0.43542753327278244,0.43628661701919275
2023-11-30,0.4757683611663839,0.47588544667537713,0.4888054217404034,0.49204880561085845,0.14069875440841914,LICHSGFIN.BO,0.45360372457770237,0.44633555193801555,0.4316575287393568,0.7350003217808219,0.5821386324836753,0.4737737737122684,0.44042582083185916,0.43542753327278244
2023-12-01,0.49448540254975326,0.490203851586696,0.5089769030602785,0.4950946524531407,0.0812375105723348,LICHSGFIN.BO,0.4659636329152981,0.4515040573591469,0.43467382426155465,0.7459189643820692,0.604558218369206,0.49204880561085845,0.4737737737122684,0.44042582083185916
2023-12-04,0.49920335346143097,0.5020046824514879,0.5154889372214525,0.5174307807047049,0.07026040978441261,LICHSGFIN.BO,0.4831985671239427,0.4584743533965535,0.4397427576916554,0.8165590843759227,0.6351647851639309,0.4950946524531407,0.49204880561085845,0.4737737737122684
2023-12-05,0.517610965817108,0.4964975797370693,0.5181095800387534,0.5049350126519092,0.03264317195327135,LICHSGFIN.BO,0.4967567091694075,0.4642942108799407,0.4429319053291315,0.7226085261708262,0.6502269091249937,0.5174307807047049,0.4950946524531407,0.49204880561085845
2023-12-06,0.5060094846646185,0.5015326110150196,0.5210479335813692,0.5146191579312926,0.06648179888783569,LICHSGFIN.BO,0.5053413388247894,0.4715351870671367,0.44641490319449273,0.7543752190398574,0.6666992633021616,0.5049350126519092,0.5174307807047049,0.4950946524531407
2023-12-07,0.5221742745480998,0.5279665313368745,0.5252569788161567,0.5359400366721652,0.125751750845429,LICHSGFIN.BO,0.5145661256883345,0.48210905368877943,0.4514319771822153,0.8147255654999415,0.6913082901432125,0.5146191579312926,0.5049350126519092,0.5174307807047049
2023-12-08,0.5353998903114761,0.5547150576194506,0.5526551249774752,0.5576513544012927,0.21497533956693618,LICHSGFIN.BO,0.5277139055159719,0.4952544828924076,0.4582510491589218,0.8640906951417133,0.7222539892948007,0.5359400366721652,0.5146191579312926,0.5049350126519092
2023-12-11,0.5593762745646579,0.5488146532148245,0.5667910546962632,0.5534340431289337,0.06736002419532189,LICHSGFIN.BO,0.5352808480287461,0.508036171003324,0.4652127230427917,0.8339749873640248,0.7417253579900426,0.5576513544012927,0.5359400366721652,0.5146191579312926
2023-12-12,0.5534208899775157,0.5389019659879314,0.5598818870164495,0.5511691725733692,0.11612848135715148,LICHSGFIN.BO,0.5449980571563461,0.5200311616529327,0.4718459773636621,0.8172897086324562,0.7531962785356384,0.5534340431289337,0.5576513544012927,0.5359400366721652
2023-12-13,0.5516420187578375,0.5409474858002725,0.5667911131403705,0.5558551286038833,0.07042451054800591,LICHSGFIN.BO,0.5536647778513004,0.528921673534226,0.4788119785340912,0.8295293804762762,0.7625806602362529,0.5511691725733692,0.5534340431289337,0.5576513544012927
2023-12-14,0.5613098012336885,0.5551870338801658,0.5729853167423995,0.559681853422676,0.06661012186866883,LICHSGFIN.BO,0.558654685720845,0.5362472399303098,0.48470195951176376,0.8396413286408022,0.7696902717250167,0.5558551286038833,0.5511691725733692,0.5534340431289337
2023-12-15,0.5668011204308597,0.5512533967594139,0.5762412894749133,0.5696002719260334,0.07005957716385222,LICHSGFIN.BO,0.5611660351350787,0.544317198034943,0.49146484747938635,0.8650546145294091,0.7787159638623724,0.559681853422676,0.5558551286038833,0.5511691725733692
2023-12-18,0.573220739433843,0.5530630008985121,0.5710794150137117,0.5552303672365504,0.020400491729846256,LICHSGFIN.BO,0.561543575400638,0.5484114003493796,0.49711716223825775,0.7506392742925773,0.774071356838026,0.5696002719260334,0.559681853422676,0.5558551286038833
2023-12-19,0.5554318211049567,0.5410261080005199,0.5643291387175942,0.5525750085376271,0.059334829003665074,LICHSGFIN.BO,0.561839045288855,0.553571451008948,0.5027262639683098,0.7306176765413159,0.7660371174741378,0.5552303672365504,0.5696002719260334,0.559681853422676
2023-12-20,0.5553544834933702,0.53866592641653,0.5416958881537643,0.5271149751391919,0.030441168683659047,LICHSGFIN.BO,0.5557986179933198,0.5549249156477809,0.5071167463182952,0.5627338065435442,0.741290562352044,0.5525750085376271,0.5552303672365504,0.5696002719260334
2023-12-21,0.5129704230108577,0.5183685535009314,0.5296248059053534,0.5359400366721652,0.030672054641737983,LICHSGFIN.BO,0.5508087101237753,0.5549249156477809,0.5125184211582479,0.6002099519690395,0.7250030365192479,0.5271149751391919,0.5525750085376271,0.5552303672365504
2023-12-22,0.5429795797520025,0.5237968465405431,0.5436018170399686,0.5333628345880379,0.015311459910040345,LICHSGFIN.BO,0.5431925501792715,0.5522941431140684,0.5178898485099388,0.584449090292351,0.7084545242662659,0.5359400366721652,0.5271149751391919,0.5525750085376271
2023-12-26,0.5325382368396305,0.5155362381400086,0.5424105707744438,0.5285206636381388,0.05645113971319575,LICHSGFIN.BO,0.5375788702499104,0.5495956898945943,0.5230408834309727,0.554283239864391,0.6904849200307064,0.5333628345880379,0.5359400366721652,0.5271149751391919
2023-12-27,0.5382615352937301,0.5246622792717723,0.548207889262513,0.5439060636138315,0.03903022173161606,LICHSGFIN.BO,0.5357568851444543,0.5488089977574437,0.5287666587069254,0.6238994341508642,0.684156032493861,0.5285206636381388,0.5333628345880379,0.5359400366721652
2023-12-28,0.5459958447763206,0.5327654610978513,0.5583729520593228,0.5488261945581121,0.02882353586579611,LICHSGFIN.BO,0.5403200146544801,0.5480476699049823,0.5329194639586967,0.6444532414154374,0.680526762791321,0.5439060636138315,0.5285206636381388,0.5333628345880379
2023-12-29,0.5507911300634167,0.5485785189363458,0.564329033326997,0.5628057585695472,0.024288344123117554,LICHSGFIN.BO,0.5459664855427644,0.5483860307405334,0.5368345921122537,0.69894992163319,0.6846744729270373,0.5488261945581121,0.5439060636138315,0.5285206636381388
2024-01-01,0.5701270577464042,0.5938939718125539,0.5853741663996936,0.6038075051732674,0.08944159467779245,LICHSGFIN.BO,0.5607721097211728,0.5520911330017263,0.5428498984890922,0.8164324164947572,0.7116327415744247,0.5628057585695472,0.5488261945581121,0.5439060636138315
2024-01-02,0.6029205635662775,0.592871191368854,0.6087222056167142,0.5992777640621385,0.034084778079954275,LICHSGFIN.BO,0.575643398466347,0.5568620569872652,0.5473786608993884,0.786712216166934,0.7279072612410104,0.6038075051732674,0.5628057585695472,0.5488261945581121
2024-01-03,0.6006001830587644,0.5842958066708054,0.6111839645924504,0.5958414290764973,0.011167438592206265,LICHSGFIN.BO,0.5865588516329312,0.5615483907639162,0.5524087004276687,0.7636346752780032,0.7363042144768219,0.5992777640621385,0.6038075051732674,0.5628057585695472
2024-01-04,0.5970423259018339,0.6018397614473248,0.6096751587848704,0.6192709142984454,0.04149745763075706,LICHSGFIN.BO,0.6013644861424545,0.5715301152750304,0.5581992979667041,0.8230306764531508,0.7551013355847267,0.5958414290764973,0.5992777640621385,0.6038075051732674
2024-01-05,0.6215601365079734,0.6200916692790738,0.6315936709860637,0.6234881272605972,0.06255769167470077,LICHSGFIN.BO,0.6141183302250711,0.5810127479702235,0.5630435143994418,0.8326630507778903,0.7699130964910431,0.6192709142984454,0.5958414290764973,0.5992777640621385
2024-01-08,0.6289077716562157,0.6100217166017095,0.618569624182518,0.6025578841283945,0.03631158727894697,LICHSGFIN.BO,0.6138556926202373,0.58850750010824,0.5655282853153937,0.6983197274812338,0.7658319720939142,0.6234881272605972,0.6192709142984454,0.5958414290764973
2024-01-09,0.6117375546942196,0.59680475288266,0.6194431848058748,0.6032608021105235,0.012346197274877842,LICHSGFIN.BO,0.6146928228664685,0.5966028597666626,0.568285302664674,0.7005008201419997,0.7604166021137315,0.6025578841283945,0.6234881272605972,0.6192709142984454
2024-01-10,0.6023016983822348,0.595624635767758,0.6114222528208586,0.6116953263450342,0.05093325153737133,LICHSGFIN.BO,0.6180248967163569,0.6039453463341867,0.5716343395967239,0.7270269830603021,0.7588143390754459,0.6032608021105235,0.6025578841283945,0.6234881272605972
2024-01-11,0.6160688516534187,0.6109657666240157,0.6314348422675359,0.6281740832911111,0.014709439085462631,LICHSGFIN.BO,0.6198961095846574,0.6125397871602156,0.5756358965277734,0.77435121578265,0.7652085104562667,0.6116953263450342,0.6032608021105235,0.6025578841283945
2024-01-12,0.6299131389477737,0.6137978900654185,0.6369938365086526,0.62122335501524,0.01215299724797295,LICHSGFIN.BO,0.6194201137934089,0.6188671965452439,0.579041114749054,0.7285697828803513,0.763259010515448,0.6281740832911111,0.6116953263450342,0.6032608021105235
2024-01-15,0.6333162264574816,0.6141912219343044,0.6392174669427931,0.6292673911063917,0.010114140667746997,LICHSGFIN.BO,0.6250337523983104,0.6216248437439738,0.582342619525285,0.7527304130018171,0.7640975190363325,0.62122335501524,0.6281740832911111,0.6116953263450342
2024-01-16,0.6231843872870377,0.6254414879581781,0.6407264652948994,0.6372335655133692,0.16142792470255543,LICHSGFIN.BO,0.6321739372137956,0.6257359662298507,0.5868800256292862,0.7758359802006125,0.767062503086674,0.6292673911063917,0.62122335501524,0.6281740832911111
2024-01-17,0.6240350723734421,0.6192262870186712,0.6404087136436737,0.6242691035473149,0.10762243276519805,LICHSGFIN.BO,0.6348166157615612,0.6288150647410057,0.5908470077855147,0.6882464584008303,0.7586742274822714,0.6372335655133692,0.6292673911063917,0.62122335501524
2024-01-19,0.6372607898088418,0.6270935763599391,0.6467619789744469,0.6384050299434458,0.01788602915746184,LICHSGFIN.BO,0.6369668927075021,0.6308875461553847,0.5970049160695167,0.7336488944957502,0.7582998106559713,0.6242691035473149,0.6372335655133692,0.6292673911063917
2024-01-23,0.6307640289710096,0.6173381827689597,0.6101516530390586,0.6021673959850358,0.06554060468269161,LICHSGFIN.BO,0.6329618293660673,0.628578224934097,0.6006694124637146,0.5359831784032021,0.7329562169004957,0.6384050299434458,0.6242691035473149,0.6372335655133692
2024-01-24,0.59982676927368,0.6095496013699925,0.6101516451018416,0.6267683456370605,0.01784500396656352,LICHSGFIN.BO,0.6324365954808594,0.6312005427062464,0.6058377320523057,0.6193252698930072,0.7260833750384615,0.6021673959850358,0.6384050299434458,0.6242691035473149
2024-01-25,0.6331616339641946,0.6192263228282747,0.630084794552354,0.6298141924793428,0.012801290671587147,LICHSGFIN.BO,0.6308772376491225,0.6340766311050592,0.6114425119355049,0.6288503360558754,0.7203873068960946,0.6267683456370605,0.6021673959850358,0.6384050299434458
2024-01-29,0.6364873333094706,0.6567529546260562,0.6501768386646805,0.6626935497567006,0.0907171918924682,LICHSGFIN.BO,0.6389530495609879,0.6396004228573393,0.6180152685599986,0.7199276814861865,0.7341870428105585,0.6298141924793428,0.6267683456370605,0.6021673959850358
2024-01-30,0.6709824491877086,0.6870417804953493,0.6877400971406011,0.6902621896362116,0.06470578975162108,LICHSGFIN.BO,0.6498520659236505,0.6463253977054884,0.6258412138996731,0.7798804594905435,0.7598092010327164,0.6626935497567006,0.6298141924793428,0.6267683456370605
2024-01-31,0.6965056794925507,0.6865697637637591,0.7115646054359709,0.7023674203905446,0.04404912909721205,LICHSGFIN.BO,0.6709114859151235,0.6551143885581392,0.6335634485141513,0.8031685632822847,0.7848083435883666,0.6902621896362116,0.6626935497567006,0.6298141924793428
2024-02-01,0.7074110845113228,0.6978986324747936,0.7132323449499498,0.709005817137853,0.07549493792077654,LICHSGFIN.BO,0.6881956478866126,0.6637511298127692,0.6393842881017417,0.815708997535366,0.8056428160077971,0.7023674203905446,0.6902621896362116,0.6626935497567006
2024-02-02,0.7167694958588121,0.7089126583987764,0.7263357363223749,0.712754483652057,0.03912658322651677,LICHSGFIN.BO,0.7056275241399804,0.6719310583834508,0.6456631890586437,0.8229414977167901,0.8211841315590167,0.709005817137853,0.7023674203905446,0.6902621896362116
2024-02-05,0.7323155286658627,0.7305476155970236,0.7236357859223758,0.7264217652900329,0.07079135208057347,LICHSGFIN.BO,0.71902152543076,0.6829955620594512,0.6528884684019904,0.8488019624546188,0.8385548558568254,0.712754483652057,0.709005817137853,0.7023674203905446
2024-02-06,0.732006137747792,0.7227590426970694,0.7376922094142531,0.7381365079010069,0.041871931756980126,LICHSGFIN.BO,0.7290834528716515,0.6937978190505967,0.6594655468733366,0.8696060043175982,0.8559495518072264,0.7264217652900329,0.712754483652057,0.709005817137853
2024-02-07,0.7473200608148772,0.7520251258406803,0.7522251449002488,0.7353249342826986,0.027334226028766295,LICHSGFIN.BO,0.7360102588384924,0.7082205667974186,0.6656537080853067,0.8520522674155939,0.864152570940595,0.7381365079010069,0.7264217652900329,0.712754483652057
2024-02-08,0.7402819146665521,0.7301542600695001,0.749525074740587,0.7350906610587247,0.028338389131568265,LICHSGFIN.BO,0.7414926096343216,0.7199533267346439,0.6729870200007022,0.8505039912362866,0.8666596273135678,0.7353249342826986,0.7381365079010069,0.7264217652900329
2024-02-09,0.7432982573607912,0.7320423539436713,0.7330860455623485,0.7421194476391848,0.055639222563091735,LICHSGFIN.BO,0.7476643557322739,0.7321174924778708,0.6806703552736535,0.8650881097350751,0.8691815173013825,0.7350906610587247,0.7353249342826986,0.7381365079010069
2024-02-12,0.7328569769948563,0.7241751708630684,0.7091027851023882,0.6947138724427517,0.059151169718829555,LICHSGFIN.BO,0.7410001873702668,0.7355857229872125,0.6852639426668856,0.5977778385964457,0.8379148319914596,0.7421194476391848,0.7350906610587247,0.7353249342826986
2024-02-13,0.6756230201672099,0.6943583215473322,0.6966346220643312,0.7115049609173916,0.024513982673058328,LICHSGFIN.BO,0.7354029339137121,0.7378866000952513,0.6898748120078215,0.6471034048013459,0.8203599894309954,0.6947138724427517,0.7421194476391848,0.7350906610587247
2024-02-14,0.6920197717005099,0.7071032379405906,0.7122793923976517,0.7200177400769057,0.013102778120979472,LICHSGFIN.BO,0.732185762724549,0.739798366501732,0.6953413091108567,0.6706965295562325,0.8086121779780107,0.7115049609173916,0.6947138724427517,0.7421194476391848
2024-02-15,0.7242717827680429,0.7125316055339583,0.7292741925595347,0.722048239098289,0.020226373187080118,LICHSGFIN.BO,0.7294445873266343,0.741211035768135,0.7004750648040401,0.6764272439191762,0.7975262611695825,0.7200177400769057,0.7115049609173916,0.6947138724427517
2024-02-16,0.7234983449774041,0.7185106714894067,0.7449983046405775,0.7273588581859283,0.03402276325650332,LICHSGFIN.BO,0.7263422981359667,0.7427928854523134,0.705461883143941,0.691904316742516,0.7891202673803236,0.722048239098289,0.7200177400769057,0.7115049609173916
2024-02-19,0.7366467326285985,0.7192974509342249,0.7349126900604817,0.7161909169479055,0.025279150187022398,LICHSGFIN.BO,0.730856210214263,0.741684747326895,0.7105481066813053,0.6313522556707744,0.7726863094567638,0.7273588581859283,0.722048239098289,0.7200177400769057
2024-02-20,0.718703102462643,0.7057657971726834,0.7244298818748242,0.7236101916717246,0.024486791558160605,LICHSGFIN.BO,0.7334004125741095,0.7401113524042797,0.7152626840275844,0.655766753860577,0.7616815559968001,0.7161909169479055,0.7273588581859283,0.722048239098289
2024-02-21,0.727288177136275,0.7167012671117996,0.7428541374878896,0.7273588581859283,0.026914433377713685,LICHSGFIN.BO,0.7349433232708101,0.7392485194956473,0.7221897858564865,0.668169725555873,0.752778592126969,0.7236101916717246,0.7161909169479055,0.7273588581859283
2024-02-22,0.7226476703737553,0.7120596674023398,0.7386451844636477,0.7293113972129301,0.012953942544697186,LICHSGFIN.BO,0.7364698488191642,0.7386225476905519,0.7278637044099148,0.6748762377604172,0.7445094577641683,0.7273588581859283,0.7236101916717246,0.7161909169479055
2024-02-23,0.7288350858357521,0.718825427016784,0.7432512596619796,0.7290771239889562,0.047244323616246545,LICHSGFIN.BO,0.7368309832741472,0.7372098890724634,0.7333561271543589,0.6733328349764934,0.7354744350524106,0.7293113972129301,0.7273588581859283,0.7236101916717246
2024-02-26,0.7273655062471693,0.7392801726463867,0.7497632117020099,0.7553180845190055,0.10181879936439577,LICHSGFIN.BO,0.745054488805661,0.7437741382644001,0.7384812337141307,0.7593243174240651,0.7423677402071307,0.7290771239889562,0.7293113972129301,0.7273588581859283
2024-02-27,0.7606231011997296,0.7461247676772498,0.7537340130264838,0.7400108903132125,0.06877205402158974,LICHSGFIN.BO,0.748501485978505,0.7468617128337467,0.7412339319364116,0.663209644460251,0.735885183440743,0.7553180845190055,0.7290771239889562,0.7293113972129301
2024-02-28,0.7464693173226854,0.7314916013093751,0.7401540135707925,0.722048239098289,0.009336093151989269,LICHSGFIN.BO,0.7473853329790933,0.7470816431175291,0.7423229122300192,0.5651332782327987,0.7173493740232582,0.7400108903132125,0.7553180845190055,0.7290771239889562
2024-02-29,0.7218741814025573,0.7224443085892172,0.7352303372169304,0.7363401837933903,0.00934038648592049,LICHSGFIN.BO,0.7488625997712578,0.7486296524588267,0.7438353791181178,0.6175070957901408,0.7095923435338787,0.722048239098289,0.7400108903132125,0.7553180845190055
2024-03-01,0.7542036488818072,0.7371560807679574,0.7558782480754973,0.7386050543489546,0.004400190242396864,LICHSGFIN.BO,0.7508651211108602,0.7498477663744505,0.7452657445152826,0.6255753631337335,0.7029069438633041,0.7363401837933903,0.722048239098289,0.7400108903132125
2024-03-04,0.7373428485882351,0.7381788037819317,0.7599284364213559,0.7528190390496745,0.05526617954817908,LICHSGFIN.BO,0.7503398872256523,0.7538150833755555,0.7467263601205627,0.6746278765947842,0.7045506416094914,0.7386050543489546,0.7363401837933903,0.722048239098289
2024-03-05,0.7517286128412198,0.7557227163734601,0.7670757496024563,0.7503197969599289,0.02101062218518294,LICHSGFIN.BO,0.7525065493199398,0.7567080919458089,0.7474004866339719,0.6595699723112242,0.7023322514482893,0.7528190390496745,0.7386050543489546,0.7363401837933903
2024-03-06,0.7441490150833744,0.7314915927460524,0.7187913415745774,0.7254845740839302,0.0643899911891247,LICHSGFIN.BO,0.7532287769054454,0.7565050818334669,0.7468559992070214,0.5245976537064392,0.6832558915206538,0.7503197969599289,0.7528190390496745,0.7386050543489546
2024-03-07,0.7370333633841203,0.7196907258946803,0.7376921311002131,0.721423379420749,0.011280973422831856,LICHSGFIN.BO,0.750093655431395,0.7556507036863975,0.7460997603232657,0.5048745694378965,0.664077466887239,0.7254845740839302,0.7503197969599289,0.7528190390496745
2024-03-11,0.720095297502064,0.7089126681116429,0.7345949286674602,0.7165032484764682,0.0013452446317822157,LICHSGFIN.BO,0.745448434881797,0.7542887842860015,0.7446823631865118,0.48060502682625916,0.6445047445164724,0.721423379420749,0.7254845740839302,0.7503197969599289
2024-03-12,0.7084164217227837,0.7041136916903175,0.7138676365121585,0.6983063240375706,0.00501843032849252,LICHSGFIN.BO,0.7339912903638536,0.7481136457956228,0.7448811409431992,0.39768155738208755,0.6166091351280074,0.7165032484764682,0.721423379420749,0.7254845740839302
2024-03-13,0.7005274266869196,0.6825574388865004,0.6591506266040558,0.6477767453840593,0.022455090534486685,LICHSGFIN.BO,0.7124394274460958,0.7381234505504741,0.7413549273291653,0.2336257970747563,0.5624512398816338,0.6983063240375706,0.7165032484764682,0.721423379420749
2024-03-14,0.645923198403223,0.6357474445449315,0.6474766544876098,0.6500415176294165,0.0047512895505499525,LICHSGFIN.BO,0.6965832735105816,0.7303241566231586,0.7374829986051614,0.2451449719823132,0.5210886470433214,0.6477767453840593,0.6983063240375706,0.7165032484764682
2024-03-15,0.6562098113337375,0.6374782304257567,0.6435853323559204,0.6389516346959825,0.02249516165117807,LICHSGFIN.BO,0.679249873445133,0.7197756702586766,0.7328850920849299,0.2155094209829588,0.4819369111753857,0.6500415176294165,0.6477767453840593,0.6983063240375706
2024-03-18,0.6324654984118877,0.6231599065811753,0.6400910406796778,0.6234881272605972,0.011262846012900039,LICHSGFIN.BO,0.6597005318669777,0.7073069627261506,0.7271377102945675,0.17713039033527658,0.44225007469658817,0.6389516346959825,0.6500415176294165,0.6477767453840593
2024-03-19,0.6154499740999666,0.603649110468617,0.6266698436095451,0.6160687542265708,0.0034938197458060103,LICHSGFIN.BO,0.6424163492332585,0.6924950723328278,0.7215977445148909,0.1596820690461996,0.40758690855838,0.6234881272605972,0.6389516346959825,0.6500415176294165
2024-03-20,0.6258140909432782,0.6067961222637697,0.6179343094019976,0.6159907942321892,0.003989461296310166,LICHSGFIN.BO,0.6357357750606751,0.677945439272674,0.7156429412741359,0.1594927940135534,0.3818093521501511,0.6160687542265708,0.6234881272605972,0.6389516346959825
2024-03-21,0.6180024294798953,0.6318139161137583,0.6374704622175033,0.6497292844110609,0.032802979382933424,LICHSGFIN.BO,0.6356701518183691,0.6697401251206747,0.7113475368350544,0.34168043074892684,0.3842671785852671,0.6159907942321892,0.6160687542265708,0.6234881272605972
2024-03-22,0.6466967370948046,0.6409399051333616,0.6662186925284237,0.6560552513195994,0.012507435815850322,LICHSGFIN.BO,0.6392648839353213,0.6626598799138483,0.7072941231814804,0.37089319178445823,0.39181181372714924,0.6497292844110609,0.6159907942321892,0.6160687542265708
2024-03-26,0.6548177941022771,0.6411759889928104,0.6679658131652414,0.6502759874738049,0.010267746615063973,LICHSGFIN.BO,0.644894990337489,0.6554865790882567,0.7029338937594631,0.3504832445795786,0.39574569199447435,0.6560552513195994,0.6497292844110609,0.6159907942321892
2024-03-27,0.6494037218672806,0.6381076972333335,0.6659803831734302,0.6497292844110609,0.005579425962171911,LICHSGFIN.BO,0.6519695519106683,0.6502250340208316,0.6970914476574628,0.3484791577763917,0.4000521163627158,0.6502759874738049,0.6560552513195994,0.6497292844110609
2024-03-28,0.6490943126075343,0.6658790259837721,0.6684423085817738,0.6800313412940844,0.03678242290007074,LICHSGFIN.BO,0.6654291971059841,0.6537186394631767,0.6937726554938213,0.4877878765914718,0.42374013128068655,0.6497292844110609,0.6502759874738049,0.6560552513195994
2024-04-01,0.6906275685504677,0.7030909831912948,0.707196821803132,0.7207205597488273,0.03257400157326837,LICHSGFIN.BO,0.680349703282888,0.6613741279057199,0.6936991922568867,0.6231764431570298,0.4687874716149984,0.6800313412940844,0.6497292844110609,0.6502759874738049
2024-04-02,0.7173883659751458,0.7104075403077752,0.7303860693664326,0.7233759184477506,0.02229671421613502,LICHSGFIN.BO,0.6944987437803266,0.6705184104136765,0.6929818527146578,0.6307437065689662,0.5064594943778706,0.7207205597488273,0.6800313412940844,0.6497292844110609
2024-04-03,0.7130569910259884,0.7123742600112204,0.7335625847776652,0.7267340968185956,0.028575953609095765,LICHSGFIN.BO,0.7105682352400252,0.6817013339931313,0.6923250081489525,0.6407287030728446,0.5383598578522134,0.7233759184477506,0.7207205597488273,0.6800313412940844
2024-04-04,0.7304591911656437,0.7391228245732617,0.7488102289300596,0.7316542277628761,0.0403520915453283,LICHSGFIN.BO,0.7277867119825187,0.6942207913916643,0.6911539154849984,0.6557732384461361,0.5663437754050669,0.7267340968185956,0.7233759184477506,0.7207205597488273
2024-04-05,0.7424474709264933,0.7251978742506218,0.7391217292677759,0.7320448142164424,0.018001949173604776,LICHSGFIN.BO,0.738718581290794,0.706790998656204,0.690142722995031,0.6570210045219507,0.5881301863936247,0.7316542277628761,0.7267340968185956,0.7233759184477506
2024-04-08,0.7311553505779217,0.7302328751710565,0.7395187620711052,0.737121160080108,0.1083785365741962,LICHSGFIN.BO,0.742165557801408,0.7162567111799569,0.6907865993003255,0.673888807872741,0.6077198006925891,0.7320448142164424,0.7316542277628761,0.7267340968185956
2024-04-09,0.7391990655443145,0.7359759996800095,0.7565930056185095,0.7431347954600838,0.038812692812434255,LICHSGFIN.BO,0.7463183560869514,0.7256885940091433,0.691987936732688,0.6939079544479289,0.6259465354673945,0.737121160080108,0.7320448142164424,0.7316542277628761
2024-04-10,0.7487123441774789,0.7315704086257375,0.7528604768780582,0.7388394258831359,0.01769998468710898,LICHSGFIN.BO,0.7488625791090279,0.7352812024945421,0.693223843500165,0.6663842453828446,0.6365019965074485,0.7431347954600838,0.737121160080108,0.7320448142164424
2024-04-12,0.7364920036748829,0.7343238473618616,0.7524633121837614,0.7376678631428519,0.01840981589707066,LICHSGFIN.BO,0.7501264877147779,0.7448061302941793,0.6954017986476737,0.6586023313894344,0.6428649417357437,0.7388394258831359,0.7431347954600838,0.737121160080108
2024-04-15,0.7155320864926284,0.7290528020325102,0.7214121055312517,0.7219701807937,0.029481847068583148,LICHSGFIN.BO,0.7480090637144502,0.7493486692343727,0.6995070744634795,0.5594296529764144,0.6368585342689829,0.7376678631428519,0.7388394258831359,0.7431347954600838
2024-04-16,0.7149906168548262,0.7395948927335882,0.7368980262979397,0.7469616185890837,0.07043309721586835,LICHSGFIN.BO,0.7500772702830484,0.752190927938619,0.7048698635611717,0.6582960684949036,0.6464733014379228,0.7219701807937,0.7376678631428519,0.7388394258831359
2024-04-18,0.7535848191341433,0.7466753571411342,0.7440453415646915,0.7278275029440835,0.013317921854643935,LICHSGFIN.BO,0.7468600784316554,0.7526730942589421,0.7097875486705505,0.5538432801447726,0.6408415096283498,0.7469616185890837,0.7219701807937,0.7376678631428519
2024-04-19,0.723266432305822,0.7155998979517639,0.7218092135975817,0.7297800419710851,0.015538529571291527,LICHSGFIN.BO,0.744956033279972,0.7530030109812444,0.7156688995537841,0.561741252149901,0.6364108956261361,0.7278275029440835,0.7469616185890837,0.7219701807937
2024-04-22,0.7381161899283591,0.7462819917636192,0.7531780663407175,0.761487836508159,0.026282359215617435,LICHSGFIN.BO,0.7499623676223229,0.756234391035363,0.7237152373241158,0.6736852875602711,0.6514322346615697,0.7297800419710851,0.7278275029440835,0.7469616185890837
2024-04-23,0.7767878041505601,0.7601283421397962,0.7793056828792733,0.774139770325236,0.05188207833617091,LICHSGFIN.BO,0.7609270485517515,0.7607938394986824,0.7324659463762648,0.7103406942576151,0.6697001356352467,0.761487836508159,0.7297800419710851,0.7278275029440835
2024-04-24,0.782588554669346,0.7706704606638162,0.7936798010706363,0.7771075588629293,0.04741367178797799,LICHSGFIN.BO,0.7672629354043886,0.7651249029166562,0.7395140490376273,0.7187854989458198,0.6842953468056087,0.774139770325236,0.761487836508159,0.7297800419710851
2024-04-25,0.7750089518233266,0.7594202552721077,0.7716023491898076,0.7598478256301346,0.011750377932645224,LICHSGFIN.BO,0.7739927683331614,0.7669351482944946,0.7452571062612838,0.6219484308589834,0.6832974717196953,0.7771075588629293,0.774139770325236,0.761487836508159
2024-04-26,0.7608551103981412,0.7573747842344942,0.7726347721378524,0.7587544195046467,0.029981304915915056,LICHSGFIN.BO,0.7800824233915412,0.769092209269447,0.751259441657858,0.6160431208865582,0.6801238650149052,0.7598478256301346,0.7771075588629293,0.774139770325236
2024-04-29,0.7692855362991989,0.7528905099860252,0.7650903499742572,0.7674233152733385,0.020835072531106398,LICHSGFIN.BO,0.7813299055244848,0.7723151239136883,0.7577716951462685,0.6472343512085943,0.681338391896128,0.7587544195046467,0.7598478256301346,0.7771075588629293
2024-04-30,0.7716058439676478,0.7713785056066969,0.7837528971535968,0.7775761053108772,0.04870167196734394,LICHSGFIN.BO,0.7820521331099907,0.7783379915094173,0.7631690481393687,0.6820217871510823,0.6868976927652782,0.7674233152733385,0.7587544195046467,0.7598478256301346
2024-05-02,0.7787214260475398,0.7732667124984738,0.7874854176473165,0.7713282950171347,0.013905631566117582,LICHSGFIN.BO,0.7808374832604298,0.7809772294530073,0.7659692785174685,0.6438189782329613,0.6856226181842572,0.7775761053108772,0.7674233152733385,0.7587544195046467
2024-05-03,0.7754729940278756,0.7608363967513572,0.7530987064658321,0.7477425948758016,0.04000337742269256,LICHSGFIN.BO,0.7782932809005833,0.7831343010762739,0.7673175369839937,0.516169690151445,0.6682509589578226,0.7713282950171347,0.7775761053108772,0.7674233152733385
2024-05-06,0.7542809681832231,0.7372347287926488,0.7248269834059563,0.7155660572703655,0.038556046850768,LICHSGFIN.BO,0.7692162186500314,0.7815947358482254,0.7666995863201085,0.3833338144006587,0.6331361676294104,0.7477425948758016,0.7713282950171347,0.7775761053108772
2024-05-07,0.7148359681138476,0.6978199405131067,0.7053702956478505,0.6997121600018286,0.023564678837155278,LICHSGFIN.BO,0.7549851077752504,0.7749036013429569,0.7649321658257988,0.3299943470298806,0.5946469104124724,0.7155660572703655,0.7477425948758016,0.7713282950171347
2024-05-08,0.69565483322236,0.7116662383233943,0.7059261610514883,0.7186119041126477,0.054151820874475794,LICHSGFIN.BO,0.7425923774853868,0.7688891885087907,0.764188895202454,0.4136275537445928,0.5755138663342839,0.6997121600018286,0.7155660572703655,0.7477425948758016
2024-05-09,0.7156094243125383,0.7088340828151789,0.7095792592344345,0.694323384299393,0.023895265549859206,LICHSGFIN.BO,0.7264079627027328,0.7599225518284869,0.7618208059919629,0.3346893479222124,0.5449696868308005,0.7186119041126477,0.6997121600018286,0.7155660572703655
2024-05-10,0.6958868775503778,0.7039562943971653,0.717441317779011,0.7047103492506981,0.03680007327289909,LICHSGFIN.BO,0.7173637120733342,0.7539504234504502,0.7596947021272724,0.3789616492551312,0.5273461533992811,0.694323384299393,0.7186119041126477,0.6997121600018286
2024-05-13,0.7062509300152637,0.6928635806237425,0.6980640844486046,0.7029922800680848,0.023810829982545214,LICHSGFIN.BO,0.7147210335255684,0.7479106356832805,0.7577112056094515,0.3731970002540156,0.5125364236810765,0.7047103492506981,0.694323384299393,0.7186119041126477
2024-05-14,0.6959642155340935,0.7037203495813669,0.7027495504351434,0.7148631392882365,0.04715893397472562,LICHSGFIN.BO,0.7179053724313486,0.7422176635132252,0.7564493732005655,0.42516117142221543,0.5085306788099134,0.7029922800680848,0.7047103492506981,0.694323384299393
2024-05-15,0.7201726349061707,0.7057657911894837,0.7183148602205127,0.7100210666485447,0.021224811844640465,LICHSGFIN.BO,0.7160998034675842,0.7349005465545473,0.7557882040681543,0.40674326046909304,0.5026664244892726,0.7148631392882365,0.7029922800680848,0.7047103492506981
2024-05-16,0.7094992659782339,0.7321996728686866,0.7218885574537804,0.7454777243202371,0.13746778210662447,LICHSGFIN.BO,0.7268511055483683,0.7321005829547449,0.7557060971375145,0.5448609749669876,0.520414515397812,0.7100210666485447,0.7148631392882365,0.7029922800680848
2024-05-17,0.7492537288688369,0.7527331925854948,0.7561959874509154,0.7432910103794688,0.035072244884134844,LICHSGFIN.BO,0.7349597497436166,0.7316184166344217,0.7565617248996137,0.5356238054353148,0.5331058393223328,0.7454777243202371,0.7100210666485447,0.7148631392882365
2024-05-21,0.7212554393502996,0.727085935437447,0.742218747216254,0.7429784822304915,0.019868118322375,LICHSGFIN.BO,0.743363801840392,0.7345875500036854,0.7572920218228407,0.5342211140320766,0.5428534362330648,0.7432910103794688,0.7454777243202371,0.7100210666485447
2024-05-22,0.7465466082190374,0.733301067682115,0.7527809898221596,0.7497730938971849,0.007991802594413993,LICHSGFIN.BO,0.7507009596939452,0.7400098207273229,0.7566438209508406,0.5604055353914696,0.5545929296858582,0.7429784822304915,0.7432910103794688,0.7454777243202371
2024-05-23,0.7506458782495408,0.7417190087139398,0.7603254651157281,0.746571130445725,0.020805496230691327,LICHSGFIN.BO,0.7583828255296751,0.743038180020785,0.7551183912420378,0.5442324440485247,0.5615572975371848,0.7497730938971849,0.7429784822304915,0.7432910103794688
2024-05-24,0.7407459221451341,0.7317276721150636,0.7554811696006456,0.7389955424923136,0.0036612597691235834,LICHSGFIN.BO,0.7570204407360058,0.7478767740437711,0.7530095747647574,0.5058039637938366,0.5619876769653036,0.746571130445725,0.7497730938971849,0.7429784822304915
2024-05-27,0.7368013937070258,0.7223656050063714,0.7407099441755574,0.7259531205318779,0.010985210418681154,LICHSGFIN.BO,0.7533764705250942,0.7501776511518099,0.7511341108189855,0.44359222606554005,0.5539022681501294,0.7389955424923136,0.746571130445725,0.7497730938971849
2024-05-28,0.7256640740001375,0.7167800060041927,0.7436483733763957,0.7338411383240591,0.0033383056500751575,LICHSGFIN.BO,0.751456040225064,0.7535189963478197,0.7497556075840519,0.48141390122853867,0.5522224776396528,0.7259531205318779,0.7389955424923136,0.746571130445725
2024-05-29,0.7265148308417099,0.7275580695194253,0.7457131463300031,0.7361060088796236,0.02891178772993785,LICHSGFIN.BO,0.7485835770180774,0.7558198841041728,0.7480227564248565,0.4923411312796655,0.5520918371080377,0.7338411383240591,0.7259531205318779,0.7389955424923136
2024-05-30,0.7299178223506915,0.7188253387729231,0.7249063191037863,0.7108801012398513,0.02987874193866925,LICHSGFIN.BO,0.7410822577476092,0.7559129290746238,0.7443323289495427,0.37605424941357524,0.5361209363796218,0.7361060088796236,0.7338411383240591,0.7259531205318779
2024-05-31,0.7194765728138333,0.7045857531238606,0.7241916374259603,0.7140041046969299,0.0037705012658179543,LICHSGFIN.BO,0.7358297122732308,0.7525039138411667,0.7411604632597704,0.3926497215750677,0.5255100624633426,0.7108801012398513,0.7361060088796236,0.7338411383240591
2024-06-03,0.740436509188331,0.7772002551874244,0.7631843671977223,0.7889784180830812,0.14076458552869783,LICHSGFIN.BO,0.7490759786199023,0.7574524730060439,0.7434421264126225,0.6673402555401479,0.5637959946478315,0.7140041046969299,0.7108801012398513,0.7361060088796236
2024-06-04,0.7830525945664623,0.7665007922563172,0.5941892655723746,0.6262997991891128,0.1705035555960507,LICHSGFIN.BO,0.7264736066072687,0.7448146063523713,0.7385028402285403,0.2574811400726219,0.4925135471659886,0.7889784180830812,0.7140041046969299,0.7108801012398513
2024-06-05,0.6529614738625203,0.6811413731684471,0.6506533258907005,0.6985406955717519,0.05878337411205506,LICHSGFIN.BO,0.7185783619228948,0.7392654503154021,0.7384380206853112,0.42109179291550536,0.4819449684131817,0.6262997991891128,0.7889784180830812,0.7140041046969299
2024-06-06,0.7079524251671675,0.7277940684116793,0.7297506876625497,0.7427443073167248,0.07430139108789742,LICHSGFIN.BO,0.7252753832305147,0.7388509540325261,0.7397733163311317,0.5006714432211063,0.501670148296088,0.6985406955717519,0.6262997991891128,0.7889784180830812
2024-06-07,0.7422928493242321,0.7550933632887737,0.759213703460557,0.7595354941015717,0.03821878161861551,LICHSGFIN.BO,0.7348448884073512,0.7410757063415545,0.7433816368758055,0.5286490903553701,0.5278981065080468,0.7427443073167248,0.6985406955717519,0.6262997991891128
2024-06-10,0.7749315703799854,0.7657140743085427,0.781529266172285,0.7789819412751349,0.03869677279629132,LICHSGFIN.BO,0.7327438908798297,0.7468194390259313,0.7474912372583169,0.5604978928633577,0.56056928201435,0.7595354941015717,0.7427443073167248,0.6985406955717519
2024-06-11,0.7852955363371864,0.7801111036294728,0.7972534494088437,0.7874164655096456,0.04709501100286079,LICHSGFIN.BO,0.7666063930478789,0.7526223656895636,0.7521626015757765,0.5743404852503023,0.591084367378291,0.7789819412751349,0.7595354941015717,0.7427443073167248
2024-06-12,0.7950407270644219,0.8305399779603693,0.8123422809878278,0.8427100584982599,0.13091949378730727,LICHSGFIN.BO,0.7969070160445882,0.7641690143892588,0.7592366353182542,0.6569947254379428,0.6486341510469524,0.7874164655096456,0.7789819412751349,0.7595354941015717
2024-06-13,0.852429395278658,0.840924785270107,0.851493942492048,0.8483331074246694,0.06682669671364369,LICHSGFIN.BO,0.8190990155082795,0.7790570189332777,0.7668897258227974,0.664709688879674,0.6958931762975076,0.8427100584982599,0.7874164655096456,0.7789819412751349
2024-06-14,0.8569152786080253,0.8548497766780976,0.86864760962609,0.8697320936252342,0.055555741069984683,LICHSGFIN.BO,0.842259453689504,0.7959244492729107,0.7737649763688812,0.6941102909214591,0.7443385786257983,0.8483331074246694,0.8427100584982599,0.7874164655096456
2024-06-18,0.8703729470662876,0.8942645034642369,0.8949339109552696,0.8952701361731548,0.11740741783155152,LICHSGFIN.BO,0.866700185624825,0.8074372682780391,0.7821742948777668,0.7273568258887209,0.7957292937249223,0.8697320936252342,0.8483331074246694,0.8427100584982599
2024-06-19,0.8934985501074378,0.8804181939809324,0.8885806975094577,0.8752769859368477,0.044085383917075685,LICHSGFIN.BO,0.8851661651624917,0.8344048377080833,0.7894946439724577,0.674722746068159,0.8205940714113211,0.8952701361731548,0.8697320936252342,0.8483331074246694
2024-06-20,0.8872338320176688,0.8725510253108899,0.8958868986011945,0.8803534301107205,0.015020944314027802,LICHSGFIN.BO,0.8930778156574423,0.8540975959322075,0.796719923315804,0.6821504733420435,0.8399464113802196,0.8752769859368477,0.8952701361731548,0.8697320936252342
2024-06-21,0.8896313954911231,0.8749111375804126,0.8841334767701896,0.8680919844370025,0.01401201084019114,LICHSGFIN.BO,0.8972306139429854,0.8676744309418376,0.803443922821313,0.6482462616548522,0.8440028026532369,0.8803534301107205,0.8752769859368477,0.8952701361731548
2024-06-24,0.8709144317575043,0.8582326928276913,0.8744448199361943,0.8732464869154644,0.008210762624906203,LICHSGFIN.BO,0.8979692473390676,0.8799908569313999,0.8108723044880528,0.6569673305455042,0.8468339375224726,0.8680919844370025,0.8803534301107205,0.8752769859368477
2024-06-25,0.8734667504583432,0.9206197943745551,0.8774626825227585,0.9282277483755159,0.1039544944766259,LICHSGFIN.BO,0.9048960739681385,0.8961561800186129,0.8220645768670407,0.7400496305014452,0.8795857187136582,0.8732464869154644,0.8680919844370025,0.8803534301107205
2024-06-26,0.9320154839517524,0.9385570324100554,0.9354355860340211,0.9417386184736922,0.10108225407663983,LICHSGFIN.BO,0.9188645679003157,0.9128713394635961,0.8335679732620582,0.7578450068152007,0.909677842100094,0.9282277483755159,0.8732464869154644,0.8680919844370025
2024-06-27,0.9368107776596176,0.9578317963839829,0.9564806286985574,0.9562650330131819,0.053581284498727025,LICHSGFIN.BO,0.9348191980237487,0.9251708665783467,0.8457498261768972,0.77675435815308,0.9379733086753876,0.9417386184736922,0.9282277483755159,0.8732464869154644
2024-06-28,0.9409099735464411,0.97317285848159,0.9690282148371006,0.9714941689143861,0.058009619930228545,LICHSGFIN.BO,0.956551628168998,0.938510861781068,0.8601701400951818,0.7961919211263497,0.9649746559209011,0.9562650330131819,0.9417386184736922,0.9282277483755159
2024-07-01,0.9781119603473075,0.9911887846585299,0.9918202512062937,1.0,0.0616713567364556,LICHSGFIN.BO,0.9831918958064491,0.9526206236253425,0.875994882889809,0.8302534202567706,0.9988913386135421,0.9714941689143861,0.9562650330131819,0.9417386184736922
2024-07-02,0.9999999999999999,0.9871764138261439,0.9809404219178035,0.9675110325557936,0.06182210046115176,LICHSGFIN.BO,0.9914482129591161,0.960445281837347,0.8858734606976797,0.7257295395856189,0.9999979059684279,1.0,0.9714941689143861,0.9562650330131819
2024-07-03,0.9708416803915733,0.9714419633177442,0.9923761103696607,0.9746961323658461,0.026977879312475046,LICHSGFIN.BO,0.9983750189259569,0.9712137091339259,0.9051509484296998,0.7361081196042197,1.0,0.9675110325557936,1.0,0.9714941689143861
2024-07-04,0.9724658950029942,0.9607425836297283,0.9760166610223644,0.9639966392655637,0.035012138209097765,LICHSGFIN.BO,1.0,0.9802733907846803,0.9198391733351938,0.701732106054096,0.9880410159241744,0.9746961323658461,0.9675110325557936,1.0
2024-07-05,0.9605550230010357,0.9627880314893096,0.974348953141918,0.9678234623945638,0.017464328357995357,LICHSGFIN.BO,0.9992285136583049,0.9910756477758258,0.9322932672436548,0.7081554175419014,0.9758593293988008,0.9639966392655637,0.9746961323658461,0.9675110325557936
2024-07-08,0.9774933007531864,0.9642829395490464,0.9679958639052326,0.9473618640205164,0.018826269288398985,LICHSGFIN.BO,0.9881653565409573,0.999103337396801,0.9426860877100678,0.6402429336691714,0.9485732774848078,0.9678234623945638,0.9639966392655637,0.9746961323658461
2024-07-09,0.951196632358207,0.9375343659411659,0.9494127222563304,0.9311173802984132,0.03685016216876332,LICHSGFIN.BO,0.9805163643130707,0.9994163232993485,0.9511040553523651,0.58938329742414,0.9123806005564264,0.9473618640205164,0.9678234623945638,0.9639966392655637
2024-07-10,0.9321701956105973,0.9276216337910688,0.9228086391743495,0.9437693141154901,0.04278641188432995,LICHSGFIN.BO,0.9740163573679784,0.9996362748797598,0.959755380965877,0.6166947662105826,0.8875497896964043,0.9311173802984132,0.9473618640205164,0.9678234623945638
2024-07-11,0.950036346669969,0.9527180090129213,0.9727606219280756,0.9596231130738198,0.029715595249282894,LICHSGFIN.BO,0.9730971567444048,0.9999999999999998,0.9662244214254678,0.6498181189031955,0.8738901574181339,0.9437693141154901,0.9311173802984132,0.9473618640205164
2024-07-12,0.9673613386223007,0.9539768608177195,0.9624367806614802,0.9436911575006939,0.019696862002229674,LICHSGFIN.BO,0.9680251784975179,0.996988560877978,0.9715007790258146,0.5965759583200109,0.8494184346199098,0.9596231130738198,0.9437693141154901,0.9311173802984132
2024-07-15,0.9399044499568657,0.9685311493492599,0.9458389408805601,0.9791477168621789,0.07170392405950943,LICHSGFIN.BO,0.9747057320078715,0.9947299788743833,0.9775549711449134,0.6698566646121921,0.8486363737330979,0.9436911575006939,0.9596231130738198,0.9437693141154901
2024-07-16,0.9710737172782394,1.0,1.0,0.9853955271559212,0.04743800068025491,LICHSGFIN.BO,0.9861135764451655,0.9966671095655533,0.982541794924521,0.681753672391216,0.8483021900684347,0.9791477168621789,0.9436911575006939,0.9596231130738198
2024-07-18,0.9810510049765381,0.9732515348455011,0.9807022092042676,0.9687607519108739,0.051156504901794755,LICHSGFIN.BO,0.9913661219195439,0.9960242282373319,0.9877144445195245,0.6240554402520241,0.8341262001055875,0.9853955271559212,0.9791477168621789,0.9436911575006939
2024-07-19,0.9568426257433479,0.9510659581422649,0.9505244591852378,0.9303363057014882,0.03571624497381782,LICHSGFIN.BO,0.9852108022943981,0.9923783625486517,0.9904801001228036,0.5074068777619943,0.7957485760574683,0.9687607519108739,0.9853955271559212,0.9791477168621789
2024-07-22,0.9168561745197022,0.955943602967406,0.9378974521784513,0.9654805335344103,0.012877139571038698,LICHSGFIN.BO,0.9897903582772304,0.9921245919219885,0.9958688094221984,0.5863269429187743,0.784489427955713,0.9303363057014882,0.9687607519108739,0.9853955271559212
2024-07-23,0.9843767119924373,0.971284641416404,0.9215379251207219,0.9290086263520263,0.07655873066151211,LICHSGFIN.BO,0.9792524350450905,0.990136690068183,0.998954243614625,0.49023744062923313,0.7501741089174541,0.9654805335344103,0.9303363057014882,0.9687607519108739
2024-07-24,0.9289217349413318,0.9435133022835491,0.9443300067345732,0.9471273941761278,0.03482895596136572,LICHSGFIN.BO,0.971209476078838,0.9918707893503822,1.0,0.5305731686724707,0.7320543314638145,0.9290086263520263,0.9654805335344103,0.9303363057014882
2024-07-25,0.9422248501066647,0.9284084046465755,0.9293207775099535,0.923932378798568,0.09143513273318886,LICHSGFIN.BO,0.96178772650834,0.9897221831369929,0.999014744030855,0.47287385727693,0.701198502674655,0.9471273941761278,0.9290086263520263,0.9654805335344103
2024-07-26,0.921342124840646,0.9523247098517582,0.9489361728278354,0.9616537104054104,0.05631375302739672,LICHSGFIN.BO,0.9683698244930045,0.9899421240690898,0.9993129106658862,0.554703698182888,0.6985088458704577,0.923932378798568,0.9471273941761278,0.9290086263520263
2024-07-29,0.9634168236953814,0.9723861548971198,0.9827669765933753,0.9619661402441804,0.04740842437983984,LICHSGFIN.BO,0.9676311910969221,0.9919215498647034,0.9987857051866396,0.5553491971159048,0.6947086105996763,0.9616537104054104,0.923932378798568,0.9471273941761278
2024-07-30,0.9593949379481735,0.9488631429199188,0.9525892762192154,0.9343193437498731,0.042319392560033926,LICHSGFIN.BO,0.9687473647585637,0.9870660356702767,0.9951514590005563,0.48392910206187056,0.6727354725570366,0.9619661402441804,0.9616537104054104,0.923932378798568
2024-07-31,0.9402138695370102,0.9263628656078096,0.9440918772834019,0.923854222183772,0.00833908560573933,LICHSGFIN.BO,0.9638559537391681,0.9804002867463264,0.9927358376342463,0.4583259259244218,0.6474343423330109,0.9343193437498731,0.9619661402441804,0.9616537104054104
2024-08-01,0.9310100079443288,0.9236879789552315,0.9300353474360974,0.9083907147483867,0.018368313669068867,LICHSGFIN.BO,0.9605895031315858,0.9738614018390788,0.9890670221130489,0.42107683732207524,0.6167131093512053,0.923854222183772,0.9343193437498731,0.9619661402441804
2024-08-02,0.9012328412641292,0.8956019563684887,0.90811675444748,0.8946453748058218,0.03510516044427419,LICHSGFIN.BO,0.9465061065386832,0.9699955952183019,0.9852296736035728,0.3889175996333969,0.5831614197283188,0.9083907147483867,0.923854222183772,0.9343193437498731
2024-08-05,0.8178569138009605,0.8253475908153558,0.7921708079751382,0.797100610789029,0.1569075211100844,LICHSGFIN.BO,0.9118556915561323,0.9517577907167101,0.9757832260838977,0.21771201620375316,0.4957847443230833,0.8946453748058218,0.9083907147483867,0.923854222183772
2024-08-06,0.7962782980427573,0.8089051121188917,0.76151666475563,0.7447748063381081,0.06038812692812434,LICHSGFIN.BO,0.8720183956659692,0.9318027964560451,0.9645736663174993,0.15505537654204835,0.39528739940292046,0.797100610789029,0.8946453748058218,0.9083907147483867
2024-08-07,0.7443810060890977,0.7510023708247187,0.7349126504876036,0.7208767746682123,0.11948348330584804,LICHSGFIN.BO,0.829357854000549,0.9072968191419379,0.9529406199566102,0.13002547904687542,0.30329238498813094,0.7447748063381081,0.797100610789029,0.8946453748058218
2024-08-08,0.7296858465484146,0.7221297250322409,0.7355480449413099,0.7260312771466739,0.10550343395158931,LICHSGFIN.BO,0.7910306778481634,0.8858614749291083,0.940892725255229,0.14499915725696447,0.23703151161381764,0.7208767746682123,0.7447748063381081,0.797100610789029
2024-08-09,0.7368014798468631,0.7199268718517307,0.7376922207479137,0.7225949421610329,0.13060178707639702,LICHSGFIN.BO,0.754870184452295,0.8599682032816018,0.9277774676540633,0.14102704446101796,0.1863580087592056,0.7260312771466739,0.7208767746682123,0.7447748063381081
2024-08-12,0.7211008082123794,0.7215003400187008,0.7248270454277373,0.7364964970229826,0.08204656549981801,LICHSGFIN.BO,0.7421327875047149,0.8355468161763824,0.9163129597211597,0.1849781050464677,0.15923085680032917,0.7225949421610329,0.7260312771466739,0.7208767746682123
2024-08-13,0.7365694362757015,0.7285808452789919,0.7440454477507692,0.7270466249675729,0.06920520371153947,LICHSGFIN.BO,0.7384067882409205,0.8130964001052139,0.902363686312011,0.17201088782372728,0.13637345381354116,0.7364964970229826,0.7225949421610329,0.7260312771466739
2024-08-14,0.7319287326347494,0.716701234300914,0.7329272258290738,0.7312637396195174,0.04119358499584739,LICHSGFIN.BO,0.7405898561457843,0.792236267183158,0.8883020503244008,0.18636125045433247,0.12560087281881466,0.7270466249675729,0.7364964970229826,0.7225949421610329
2024-08-16,0.7379616046007781,0.737234747284071,0.7554811861968869,0.7536780736409812,0.05757265394345107,LICHSGFIN.BO,0.7464004884509837,0.7754788126337306,0.876401082096889,0.2612720482240166,0.13570890343479974,0.7312637396195174,0.7270466249675729,0.7364964970229826
2024-08-19,0.7593082616690986,0.7544639632361794,0.768664034439835,0.7689072095421852,0.03773029562466339,LICHSGFIN.BO,0.7561341137202752,0.7618596825196571,0.8674688772357562,0.309342043958845,0.157603449347416,0.7536780736409812,0.7312637396195174,0.7270466249675729
2024-08-20,0.776787735209438,0.7641405379399087,0.7750965780678127,0.7800751507802082,0.05205858206445439,LICHSGFIN.BO,0.7652932050237095,0.7600155967989377,0.8572100149828015,0.34391258785336665,0.1859633405861525,0.7689072095421852,0.7536780736409812,0.7312637396195174
2024-08-21,0.7801909389510636,0.7718505471473638,0.794871029141448,0.78616694277498,0.07080566319367754,LICHSGFIN.BO,0.7777187469347261,0.7644989204632469,0.8493062899990462,0.3629781025541481,0.21591620529212496,0.7800751507802082,0.7689072095421852,0.7536780736409812
2024-08-22,0.7887759864041543,0.7779870004433678,0.8059891127527377,0.7911652303340568,0.037122073317740575,LICHSGFIN.BO,0.7903084709248874,0.7721121031530318,0.8406765817793571,0.37912035364280605,0.24609736516952446,0.78616694277498,0.7800751507802082,0.7689072095421852
2024-08-23,0.7938725903654921,0.7820510566749392,0.8089581085568789,0.7898989948641517,0.017127063125842865,LICHSGFIN.BO,0.7979211596147605,0.7790298337868415,0.8332602381832086,0.3757767349328027,0.27222689017689156,0.7911652303340568,0.78616694277498,0.7800751507802082
2024-08-26,0.7867402378740477,0.7750352489947891,0.7922188548942855,0.779135501818923,0.02344446548708112,LICHSGFIN.BO,0.8000708786804925,0.7851539349067269,0.8231611292321637,0.34674550933259674,0.28899212019620746,0.7898989948641517,0.7911652303340568,0.78616694277498
2024-08-28,0.8137019856470306,0.798952454574676,0.8123380350304223,0.7933020026895214,0.046575040560079724,LICHSGFIN.BO,0.8028508164217846,0.7913067332336805,0.8138285946073165,0.39859839188430357,0.31369633715988554,0.779135501818923,0.7898989948641517,0.7911652303340568
2024-08-29,0.7898753681307961,0.7857183347652001,0.8030832596768656,0.7953597336383242,0.01708794608335842,LICHSGFIN.BO,0.8047829002195036,0.7987059593440118,0.8061396727557399,0.406135668225473,0.3368266633141581,0.7933020026895214,0.779135501818923,0.7898989948641517
2024-08-30,0.7950481547578928,0.7872330238833971,0.8121770835775959,0.7926688849545689,0.015501320677220955,LICHSGFIN.BO,0.8050989290265161,0.8053569603526414,0.7988809174582954,0.39742057305852396,0.3555142387595749,0.7953597336383242,0.7933020026895214,0.779135501818923
2024-09-02,0.7898753318583979,0.7843629305615101,0.8083142104405889,0.7947266159033719,0.008534193781058099,LICHSGFIN.BO,0.8061135684902069,0.809803068158433,0.7925916484207123,0.40596509796734037,0.37345411470324735,0.7926688849545689,0.7953597336383242,0.7933020026895214
2024-09-03,0.8024156859358317,0.8069248839511689,0.8195005099497292,0.8236135956626518,0.035935682041413494,LICHSGFIN.BO,0.8154616985354101,0.8157285036782151,0.7886613135674996,0.5157605153011053,0.4072487961916182,0.7947266159033719,0.7926688849545689,0.7953597336383242
2024-09-04,0.7758457912780435,0.8148175512926619,0.7995422108197312,0.8198146926325225,0.06193706640308777,LICHSGFIN.BO,0.821033971355961,0.8200328291789538,0.789918130566948,0.5008119978501471,0.4328016597165094,0.8236135956626518,0.7947266159033719,0.7926688849545689
2024-09-05,0.8212261345646846,0.8459895931797972,0.8461382254056393,0.844823629644804,0.10677760005495467,LICHSGFIN.BO,0.8314299863928368,0.8263861352643866,0.7954540383255395,0.5842056094122732,0.4694786425555722,0.8198146926325225,0.8236135956626518,0.7947266159033719
2024-09-06,0.8446609537583708,0.8403292479770821,0.8425972698064272,0.8248798311325569,0.03232689635367149,LICHSGFIN.BO,0.8381998833854737,0.8300378788225664,0.801208741960916,0.5053526142655524,0.48656414162405776,0.844823629644804,0.8198146926325225,0.8236135956626518
2024-09-09,0.8282017930506836,0.8228697031135512,0.828433420608857,0.8337437743525136,0.021580681523828242,LICHSGFIN.BO,0.846400267881679,0.83478685663231,0.8071686966037726,0.534847336403181,0.5059780048858151,0.8248798311325569,0.844823629644804,0.8198146926325225
2024-09-10,0.837607061236718,0.8220724757112445,0.8297210413656113,0.812296222909547,0.03411673956588669,LICHSGFIN.BO,0.8440216526326133,0.8383786075876607,0.8121320534893308,0.45531310399678493,0.5081893818660751,0.8337437743525136,0.8248798311325569,0.844823629644804
2024-09-11,0.8093912388945778,0.8082004174317701,0.811613719962976,0.7946474761865028,0.03966086478240191,LICHSGFIN.BO,0.8387321630910928,0.838524340417323,0.815349667111174,0.39720501389946894,0.49925463148725424,0.812296222909547,0.8337437743525136,0.8248798311325569
2024-09-12,0.8007697506748063,0.8253410788206199,0.8251338456880379,0.8399168688887149,0.04508382257463603,LICHSGFIN.BO,0.8377008905322963,0.8433504759125652,0.8215950105183798,0.5436000425388636,0.5207238331548851,0.7946474761865028,0.812296222909547,0.8337437743525136
2024-09-13,0.8431717694251354,0.8636086255736575,0.8607849918421759,0.8706241604461906,0.12138876949710273,LICHSGFIN.BO,0.8473151500991941,0.8517940780422197,0.8293061100535537,0.6203007631593755,0.5567347026218968,0.8399168688887149,0.7946474761865028,0.812296222909547
2024-09-16,0.8750711932186909,0.8706243497982236,0.8205465985415041,0.8027990636444307,0.24316059978829094,LICHSGFIN.BO,0.8408113826282521,0.8526684324269367,0.8320240757495239,0.42801189858088884,0.5425980556293949,0.8706241604461906,0.8399168688887149,0.7946474761865028
2024-09-17,0.8064912879643847,0.7903422768964998,0.8079118704109665,0.7940143584515502,0.05210056132955965,LICHSGFIN.BO,0.8369690136854059,0.8494624379541358,0.8334133060857707,0.40774743108874234,0.5259622158915426,0.8027990636444307,0.8706241604461906,0.8399168688887149
2024-09-18,0.7937158316122898,0.7932920816429807,0.8119356648330716,0.792906304105176,0.05592258260255224,LICHSGFIN.BO,0.8366030649308459,0.8465478984923456,0.8341232802653331,0.4050879436582733,0.5123205490891475,0.7940143584515502,0.8027990636444307,0.8706241604461906
2024-09-19,0.8034346308146433,0.7872330914462422,0.7656615591571367,0.7760490528610298,0.08774191147813286,LICHSGFIN.BO,0.8231797232735437,0.8390986891946379,0.8335634365467968,0.36439147549175066,0.4914092932972752,0.792906304105176,0.7940143584515502,0.8027990636444307
2024-09-20,0.7772566169353982,0.7661061888031822,0.789885002128073,0.7823011888038929,0.03226869782704829,LICHSGFIN.BO,0.8046165486062146,0.8344868510249077,0.8330729708455773,0.384311920924315,0.47937802042611855,0.7760490528610298,0.792906304105176,0.7940143584515502
2024-09-23,0.7852510487817234,0.7877910888307795,0.8018760581109248,0.8033531399727214,0.028770107710207594,LICHSGFIN.BO,0.8047330009341859,0.831195137621902,0.8338174164455361,0.44910063354373386,0.4836230162113241,0.7823011888038929,0.7760490528610298,0.792906304105176
2024-09-24,0.8024156826447734,0.7983944482697853,0.8265824002094426,0.8107924699788276,0.04806148817448872,LICHSGFIN.BO,0.8082593204077896,0.8310322610061989,0.835569061790856,0.4710884212811851,0.4921263332307568,0.8033531399727214,0.7823011888038929,0.7760490528610298
2024-09-25,0.8086858263687872,0.7943284178767074,0.7922188480325176,0.7781858252164944,0.028461464704263233,LICHSGFIN.BO,0.8051654614069398,0.8292492433680541,0.8347326525119918,0.38218143570305174,0.4790242359518422,0.8107924699788276,0.8033531399727214,0.7823011888038929
2024-09-26,0.7742782163255438,0.7630766045556754,0.7862635171632835,0.780322597571959,0.014661735375115743,LICHSGFIN.BO,0.806063648542659,0.8227943843090357,0.8339006167571923,0.3891242640010981,0.47069918965566326,0.7781858252164944,0.8107924699788276,0.8033531399727214
2024-09-27,0.778902506632594,0.7686573077013805,0.7960817583669144,0.7767612120026439,0.005753067467834582,LICHSGFIN.BO,0.8048992905607854,0.8126277677923801,0.8330204124009077,0.37938097486965583,0.4626765425365422,0.780322597571959,0.7781858252164944,0.8107924699788276
2024-09-30,0.7741998919346563,0.7680992916024827,0.790126473704927,0.7740704616290959,0.024722924924377696,LICHSGFIN.BO,0.7987448387492974,0.809516074791119,0.8318774647786347,0.37167009470822066,0.4555223921735215,0.7767612120026439,0.780322597571959,0.7781858252164944
2024-10-01,0.772710733174255,0.7652291751822822,0.7881950387557979,0.7691636025627995,0.008141115207799747,LICHSGFIN.BO,0.7899955414523668,0.806824404547861,0.8288646343495079,0.35706448983971184,0.4477553274812525,0.7740704616290959,0.7767612120026439,0.780322597571959
2024-10-03,0.7524895104559332,0.7415511965652384,0.7463471561050425,0.7340243885504492,0.06274278207084669,LICHSGFIN.BO,0.7807139644498172,0.8004467031743412,0.8241176798698535,0.2639648681222534,0.42084020900949737,0.7691636025627995,0.7740704616290959,0.7767612120026439
2024-10-04,0.7287412148608519,0.7250483743040488,0.7393457325504786,0.7313336381769011,0.06552820171800142,LICHSGFIN.BO,0.7704177686458068,0.795603423893058,0.8178380445525675,0.25754771028247325,0.39936103218531893,0.7340243885504492,0.7691636025627995,0.7740704616290959
2024-10-07,0.7303870762905379,0.7167570154609688,0.6964515548203979,0.6867764046163032,0.08339944272525572,LICHSGFIN.BO,0.7515053196434834,0.7852568082712867,0.8101964971053199,0.1651464981839119,0.3564113028639491,0.7313336381769011,0.7340243885504492,0.7691636025627995
2024-10-08,0.6864175499235351,0.6835918624836504,0.7026482474719683,0.700151508318211,0.009047008667287134,LICHSGFIN.BO,0.7359694922588104,0.7740786870815866,0.8028045614724537,0.22197989988436548,0.3330709971775147,0.6867764046163032,0.7313336381769011,0.7340243885504492
2024-10-09,0.7086766889985989,0.7000947136398679,0.7193874630913477,0.7020509598332756,0.04694188209264728,LICHSGFIN.BO,0.7218641730399359,0.7623005227321384,0.7967044636697937,0.2301187661997012,0.31824061179612095,0.700151508318211,0.6867764046163032,0.7313336381769011
2024-10-10,0.7073441953009012,0.6945140057302377,0.7168926784864481,0.7010220452037705,0.0269831267206132,LICHSGFIN.BO,0.7149279450962401,0.7539426501810031,0.7915239754576542,0.2277700188186141,0.30842977135979677,0.7020509598332756,0.700151508318211,0.6867764046163032
2024-10-11,0.6974686559228331,0.6897305224643793,0.7164097964451416,0.706324504544205,0.009451536131028736,LICHSGFIN.BO,0.7096716804204716,0.7459276639990011,0.7841320343850813,0.25314348989703683,0.3065914558377255,0.7010220452037705,0.7020509598332756,0.700151508318211
2024-10-14,0.7119684836614925,0.694195109105392,0.7165707707107493,0.7033963350200498,0.010956111155369555,LICHSGFIN.BO,0.7131647543660932,0.7379812636094774,0.7748789738729045,0.2453566517581056,0.3059140304483088,0.706324504544205,0.7010220452037705,0.7020509598332756
2024-10-15,0.7111063194396708,0.7000946711679965,0.724537951640809,0.7155842446587142,0.017055984597426004,LICHSGFIN.BO,0.7164083112228964,0.7316464217010601,0.7700531980453655,0.30647878502322945,0.31553197522168397,0.7033963350200498,0.706324504544205,0.7010220452037705
2024-10-16,0.7162791809009059,0.7083062750296267,0.7325051578371096,0.7164547815442739,0.0049454436516617835,LICHSGFIN.BO,0.7194356171810926,0.725937349279766,0.7657616666773468,0.31085301834965096,0.32608511002513885,0.7155842446587142,0.7033963350200498,0.706324504544205
2024-10-17,0.7177683773781798,0.700254082457431,0.7110982804239208,0.6950072301013075,0.028990498852010212,LICHSGFIN.BO,0.7181714606285833,0.7217112675925856,0.7603447089818467,0.24557534158008484,0.32340438231425717,0.7164547815442739,0.7155842446587142,0.7033963350200498
2024-10-18,0.6833607925076095,0.6867009904048403,0.6968539310443715,0.7045834307730856,0.01568545699915994,LICHSGFIN.BO,0.717805532536253,0.718813861268522,0.7563903687036362,0.2954920841487837,0.329633145529464,0.6950072301013075,0.7164547815442739,0.7155842446587142
2024-10-21,0.7080495546275523,0.6929194700779138,0.7013605756572528,0.6879635003693392,0.023265576573280294,LICHSGFIN.BO,0.7145619550172201,0.7189424396638291,0.7511704698175543,0.24633898132274082,0.3265190337006031,0.7045834307730856,0.6950072301013075,0.7164547815442739
2024-10-22,0.6864959078844909,0.6761774886125231,0.6706990229242118,0.6562274908027728,0.028560211384681292,LICHSGFIN.BO,0.7020867204431852,0.7141848793127508,0.7430297041812512,0.16877555307892037,0.3067423730714453,0.6879635003693392,0.7045834307730856,0.6950072301013075
2024-10-23,0.658123432397493,0.6713940541699471,0.6628122707319773,0.67593396847462,0.046804972443951716,LICHSGFIN.BO,0.6935703071399674,0.7113560587811654,0.7355677051280429,0.2651738400405703,0.3060516617804314,0.6562274908027728,0.6879635003693392,0.7045834307730856
2024-10-24,0.680774437024161,0.6697995683417425,0.688886747600124,0.6754590318631983,0.014766683537878893,LICHSGFIN.BO,0.6894617880131969,0.708587241500723,0.7298836197630763,0.2639119797266667,0.30780151081845875,0.67593396847462,0.6562274908027728,0.6879635003693392
2024-10-25,0.6757582265551466,0.6725898525636695,0.6760908717420434,0.6724516243119667,0.02036948431812078,LICHSGFIN.BO,0.6827085241156661,0.7049183541565025,0.723914896313264,0.25546929625814874,0.30987237584417204,0.6754590318631983,0.67593396847462,0.6562274908027728
2024-10-28,0.6585936177046502,0.6992974022458249,0.6791490274639853,0.7058496662429907,0.06878875032021116,LICHSGFIN.BO,0.6864677275829826,0.7051840828401372,0.7199912142211597,0.40849604776444937,0.33475734421585346,0.6724516243119667,0.6754590318631983,0.67593396847462
2024-10-29,0.7176116552816054,0.724330791333696,0.7119835969749225,0.7338661091167109,0.07688740922580217,LICHSGFIN.BO,0.7027853310998634,0.7071642540177527,0.7177666244694123,0.5090691604155142,0.3738942391194354,0.7058496662429907,0.6724516243119667,0.6754590318631983
2024-10-31,0.7225493919807191,0.7128505477106335,0.7294470441459142,0.7257936613756522,0.036801504384209496,LICHSGFIN.BO,0.7132645322744989,0.708175779987426,0.7153668761668104,0.47981346748303555,0.40136136946195333,0.7338661091167109,0.7058496662429907,0.6724516243119667
2024-11-01,0.6770906319606199,0.7144450016693178,0.6981415489754,0.7288801103335456,0.009306039814470729,LICHSGFIN.BO,0.7244922433911304,0.7118446673316468,0.7150822326422583,0.49085905506541705,0.42629556345879305,0.7257936613756522,0.7338661091167109,0.7058496662429907
2024-11-04,0.7380680562130754,0.7207431998005436,0.7165707215447572,0.7118644813454538,0.013275942589538674,LICHSGFIN.BO,0.732775793362865,0.7126333027861591,0.7140049640368489,0.42798641225956535,0.4364896434898109,0.7288801103335456,0.7257936613756522,0.7338661091167109
2024-11-06,0.7299167956216065,0.7168366821877719,0.740633263342737,0.7300672060865814,0.01900563523930328,LICHSGFIN.BO,0.7378656857631146,0.7171936989494521,0.7164003333756797,0.4955753762240447,0.4568687415434843,0.7118644813454538,0.7288801103335456,0.7257936613756522
2024-11-07,0.7280358036201334,0.7256064057398366,0.7454619469726786,0.7359238400655139,0.022158850493232515,LICHSGFIN.BO,0.7382981668980985,0.7258258827255568,0.7183796902768171,0.5162675902176044,0.47733571334682096,0.7300672060865814,0.7118644813454538,0.7288801103335456
2024-11-08,0.7339140447369802,0.7230552309003639,0.7444961228598468,0.7302255838305269,0.017719066171247733,LICHSGFIN.BO,0.7392296408862594,0.7317063930072605,0.7199386503367837,0.492966329378562,0.4904695558061885,0.7359238400655139,0.7300672060865814,0.7118644813454538
2024-11-11,0.7210601630922517,0.7056753397122153,0.7279983788236476,0.7159799432430596,0.01255036915516252,LICHSGFIN.BO,0.7365183637350757,0.736095351310144,0.7207663016881052,0.4367491796488786,0.49240553874040477,0.7302255838305269,0.7359238400655139,0.7300672060865814
2024-11-12,0.7141630362040442,0.7161988754076742,0.7156050435456183,0.7018134423724611,0.012464502476538124,LICHSGFIN.BO,0.7344058986699346,0.7392756301038834,0.7205166953134305,0.38527968014269964,0.4855953062584648,0.7159799432430596,0.7302255838305269,0.7359238400655139
2024-11-13,0.7035821369683236,0.6867009980017316,0.6977391629022858,0.6867764046163032,0.010382235519896504,LICHSGFIN.BO,0.7253073063757801,0.7372097399960631,0.7195970802832039,0.3351585263606224,0.47147014813427846,0.7018134423724611,0.7159799432430596,0.7302255838305269
2024-11-14,0.66690159674875,0.6834323256202709,0.6876795647997894,0.6881217798030772,0.017034040890666437,LICHSGFIN.BO,0.7152605656738985,0.7322550154571994,0.7180775254574732,0.3415868825046251,0.46193865659020567,0.6867764046163032,0.7018134423724611,0.7159799432430596
2024-11-18,0.6879067254481231,0.6841498824137586,0.6980611036652367,0.6927912197187664,0.010066436957400109,LICHSGFIN.BO,0.7073928430798114,0.7286804082878897,0.7167681717721812,0.36477793737283126,0.45817708549005637,0.6881217798030772,0.6867764046163032,0.7018134423724611
2024-11-19,0.6958227379116321,0.6953111862285377,0.7141563907599457,0.6998348511405275,0.003815819790647498,LICHSGFIN.BO,0.7039995677048251,0.7255344170662321,0.7170352940019413,0.39985243123507086,0.46045193920178534,0.6927912197187664,0.6881217798030772,0.6867764046163032
2024-11-21,0.6942551908746067,0.6801636166907412,0.695566281332016,0.6929494991525045,0.006861701696296236,LICHSGFIN.BO,0.7021365990662728,0.7234856707444528,0.7163915645687238,0.3719302235002392,0.4587886228866331,0.6998348511405275,0.6927912197187664,0.6881217798030772
2024-11-22,0.6914336631949209,0.6845484685702596,0.7050625065951921,0.7031588175592351,0.004428335431501527,LICHSGFIN.BO,0.705579753064347,0.7205711312826624,0.7172323528113596,0.4242675093774959,0.46466445360098496,0.6929494991525045,0.6998348511405275,0.6927912197187664
2024-11-25,0.7135360163632046,0.7099804961544864,0.7340341729249578,0.7189082110774221,0.01840075219210475,LICHSGFIN.BO,0.7120502543450772,0.7187281103933745,0.7207006063521217,0.4977770984586598,0.4798171636344254,0.7031588175592351,0.6929494991525045,0.6998348511405275
2024-11-26,0.717062912772635,0.7088642638504563,0.72751550152449,0.7094110518123056,0.006692353524564788,LICHSGFIN.BO,0.7155433076284691,0.716473617342475,0.7225529624244764,0.4537330797502138,0.4864022661266198,0.7189082110774221,0.7031588175592351,0.6929494991525045
2024-11-27,0.7086766104958105,0.7016891135658048,0.7262279054202323,0.7190664905111601,0.008700202693065266,LICHSGFIN.BO,0.7195852943748159,0.7168079318185878,0.7249658530580991,0.4981480129246455,0.49808221700276556,0.7094110518123056,0.7189082110774221,0.7031588175592351
2024-11-28,0.7164360287577248,0.718351520680522,0.73854094991131,0.7294341866618363,0.03706244367980697,LICHSGFIN.BO,0.727253419827632,0.7197996289658768,0.7281188157676162,0.5432317985219411,0.5140626428442384,0.7190664905111601,0.7094110518123056,0.7189082110774221
2024-11-29,0.7333653979137972,0.7191486878837094,0.7444156198815843,0.7368735166679425,0.004179799100594245,LICHSGFIN.BO,0.7343393662895109,0.7252258182691809,0.7298354294027649,0.574218059560217,0.531413494789429,0.7294341866618363,0.7190664905111601,0.7094110518123056
2024-12-02,0.732111443190968,0.7164381128111728,0.7337927913905902,0.7174836961737789,0.022444595718210367,LICHSGFIN.BO,0.7340399705776045,0.7284061077112345,0.7289289567035586,0.4760979074081103,0.5329953198574355,0.7368735166679425,0.7294341866618363,0.7190664905111601
2024-12-03,0.7173764966548809,0.7246497184060159,0.7391846849507149,0.7311752604329556,0.0068139979859493495,LICHSGFIN.BO,0.7386142370295706,0.7325636142542509,0.7292267316797185,0.5350931073199701,0.5427283895018433,0.7174836961737789,0.7368735166679425,0.7294341866618363
2024-12-04,0.7365005007336817,0.7274400243320218,0.7500490091177128,0.735132344586616,0.0034561338146319688,LICHSGFIN.BO,0.7419908586472211,0.7363868063211545,0.7295726806970697,0.551505174909322,0.552697504373566,0.7311752604329556,0.7174836961737789,0.7368735166679425
2024-12-05,0.7443382650176175,0.7271211614200883,0.7467495349166984,0.7353698620474305,0.008521313779264437,LICHSGFIN.BO,0.7432383821046246,0.7409815007048439,0.7308732818945254,0.5525376337184347,0.5604303017071754,0.735132344586616,0.7311752604329556,0.7174836961737789
2024-12-06,0.7394787815456719,0.7328612074451717,0.7501294737730526,0.7401974830866505,0.008552798228093385,LICHSGFIN.BO,0.743936992761303,0.7449932850665122,0.731433811016087,0.5743243461722768,0.5691706076234083,0.7353698620474305,0.735132344586616,0.7311752604329556
2024-12-09,0.7381464093523117,0.7237726495242207,0.7415185034976548,0.723735832116642,0.008748383440515619,LICHSGFIN.BO,0.7452510279369001,0.7455161811890756,0.7307594233967631,0.48199684232767914,0.565392654696463,0.7401974830866505,0.7353698620474305,0.735132344586616
2024-12-10,0.7219224402636795,0.7110966660479598,0.7323441950058813,0.7226279743906825,0.02391339295979102,LICHSGFIN.BO,0.7434546123410014,0.7469477512133806,0.7303390319952987,0.4761033979737125,0.561375603091792,0.723735832116642,0.7401974830866505,0.7353698620474305
2024-12-11,0.7224709922147741,0.7216201479958773,0.7447375809833554,0.7329164325142823,0.017776787660767467,LICHSGFIN.BO,0.7429888856780357,0.7484478857335355,0.731276162880611,0.5290698247975255,0.5642873556427401,0.7226279743906825,0.723735832116642,0.7401974830866505
2024-12-12,0.7382247526495737,0.7209025890472269,0.7440132476821493,0.7259518424991831,0.0,LICHSGFIN.BO,0.7410094647115123,0.748070701144006,0.732611790348531,0.48892963254246924,0.561890564731082,0.7329164325142823,0.7226279743906825,0.723735832116642
2024-12-13,0.7339924392109566,0.7165975437903882,0.7100521758798535,0.7139223106044639,0.013481068544030288,LICHSGFIN.BO,0.735487111838509,0.7455847776298679,0.7341138293191762,0.4243146002131526,0.5522196471701825,0.7259518424991831,0.7329164325142823,0.7226279743906825
2024-12-16,0.7111063523564022,0.7119736050845697,0.7291251197853978,0.7157425240924524,0.012992105512974694,LICHSGFIN.BO,0.7338071279083517,0.7453961853351032,0.7356421420724497,0.43502896594168117,0.5455523160228574,0.7139223106044639,0.7259518424991831,0.7329164325142823
2024-12-17,0.7138495261396636,0.69690571737888,0.6990267755431324,0.6831358793301192,0.014314452363790406,LICHSGFIN.BO,0.725506924179281,0.7401928758986458,0.7351078921732228,0.2890053865905464,0.519955540176917,0.7157425240924524,0.7139223106044639,0.7259518424991831
2024-12-18,0.6864175384918919,0.6711548240847763,0.6851848237964043,0.6735596786583409,0.02921852258746833,LICHSGFIN.BO,0.7130316896052459,0.73352373016243,0.7336540326834757,0.25497453718756957,0.4941079520572241,0.6831358793301192,0.7157425240924524,0.7139223106044639
2024-12-19,0.656242372218022,0.6465999100633969,0.6690090485799082,0.6627171442064503,0.011247580825589035,LICHSGFIN.BO,0.6997414127087912,0.7256544661617761,0.7319812141257471,0.21888579955922025,0.4675727756969521,0.6735596786583409,0.6831358793301192,0.7157425240924524
2024-12-20,0.671996136242294,0.6580801696682018,0.6597542039181276,0.6475218270165544,0.02292115578457577,LICHSGFIN.BO,0.68578577068364,0.7156164493370563,0.7289027046797567,0.17324781872190045,0.4381007890130479,0.6627171442064503,0.6735596786583409,0.6831358793301192
2024-12-23,0.6490316468386881,0.6350398561771766,0.657983608143922,0.6477591478569542,0.01664764083685665,LICHSGFIN.BO,0.6714974460941405,0.7073871551812279,0.7249658802566319,0.17490614060289503,0.41623826189373053,0.6475218270165544,0.6627171442064503,0.6735596786583409
2024-12-24,0.653499102024647,0.6446864412198803,0.6682846662290131,0.6513997714533455,0.004571446562542189,LICHSGFIN.BO,0.6648273476721394,0.6996721852549426,0.7217559964577935,0.2015373675642724,0.4026981404360712,0.6477591478569542,0.6475218270165544,0.6627171442064503
2024-12-26,0.6538910378640453,0.6374316254640243,0.6658704154181166,0.6557526525015585,0.0018718935940118487,LICHSGFIN.BO,0.6610847772999288,0.6913143127038073,0.7182527112068606,0.23383001008607737,0.39627461514232465,0.6513997714533455,0.6477591478569542,0.6475218270165544
2024-12-27,0.6582800840596872,0.6627040481892307,0.6782637969080656,0.6696816359113424,0.008046184824209442,LICHSGFIN.BO,0.6625485309937091,0.6852194944482777,0.7149464793256393,0.33053384948299347,0.401441053845502,0.6557526525015585,0.6513997714533455,0.6477591478569542
2024-12-30,0.6701934877629268,0.6595948156706952,0.6755275920513751,0.6601845749564332,0.004263757630804767,LICHSGFIN.BO,0.6652099088595754,0.6793989767694033,0.7107031219988118,0.2903073214989176,0.4010953906158818,0.6696816359113424,0.6557526525015585,0.6513997714533455
2024-12-31,0.6540477767210812,0.6549709360326927,0.6731133449925921,0.671422807992669,0.001463072796339027,LICHSGFIN.BO,0.6701833902563132,0.6745985569532225,0.7081544780485702,0.3630868867556345,0.4092993891564287,0.6601845749564332,0.6696816359113424,0.6557526525015585
2025-01-01,0.6723096737835823,0.6618271703433906,0.6884039119640502,0.67593396847462,0.008066697419658604,LICHSGFIN.BO,0.6753398356992164,0.6738184933917306,0.7050978634214364,0.39101196988706166,0.41993482507291446,0.671422807992669,0.6601845749564332,0.6696816359113424
2025-01-02,0.6756014136898327,0.6682050298441623,0.6902548536695184,0.6847978133843695,0.018649288523012033,LICHSGFIN.BO,0.6814443675631565,0.675035734145581,0.7023127499878341,0.4442731820133521,0.4350544675115775,0.67593396847462,0.671422807992669,0.6601845749564332
2025-01-03,0.6894742000020163,0.6826350363773749,0.7077182421609162,0.6901795107518802,0.012129622429902977,LICHSGFIN.BO,0.6857524838311981,0.6780102768585148,0.6998122746390774,0.4754021798133974,0.4513547249365385,0.6847978133843695,0.67593396847462,0.671422807992669
2025-01-06,0.6843014151984663,0.673945186582564,0.6792295467125731,0.6658828311914202,0.009697687276418673,LICHSGFIN.BO,0.6869501080032839,0.6799990199291508,0.6957002916650978,0.3526249687205424,0.4499815357155963,0.6901795107518802,0.6847978133843695,0.67593396847462
2025-01-07,0.6589855674027801,0.652339996968128,0.6626513623155426,0.6517163303208218,0.010760525942947317,LICHSGFIN.BO,0.6828083226863015,0.6804276358768031,0.6917153040801944,0.29475175789194596,0.4410621114086718,0.6658828311914202,0.6901795107518802,0.6847978133843695
2025-01-08,0.6519315740493791,0.6391854787837271,0.6575812364735673,0.6491837610708047,0.0038625694267874463,LICHSGFIN.BO,0.6771861299182028,0.6801876122239154,0.6876514842679933,0.28486431997541983,0.4335498128112372,0.6517163303208218,0.6658828311914202,0.6901795107518802
2025-01-09,0.6483262293144846,0.6314522706214121,0.6402787231687421,0.6326429703839271,0.014482846461314917,LICHSGFIN.BO,0.666224548323266,0.6776845236271078,0.682103146779939,0.2243240590756587,0.41853477512049714,0.6491837610708047,0.6517163303208218,0.6658828311914202
2025-01-10,0.636256204932669,0.617181723600445,0.6208034648085466,0.6041517875191997,0.0040304864872084895,LICHSGFIN.BO,0.6481437747384682,0.6705867619432397,0.6753636985078331,0.1420532663544273,0.3903985279500818,0.6326429703839271,0.6491837610708047,0.6517163303208218
2025-01-13,0.6010648524567681,0.5836976282041932,0.5821746296884222,0.5702789072869614,0.04137533613226903,LICHSGFIN.BO,0.628050334659165,0.6608487720225509,0.6674156127171766,0.07085737084527569,0.3489639293252609,0.6041517875191997,0.6326429703839271,0.6491837610708047
2025-01-14,0.5736328339236447,0.5834583932069899,0.5919122717769628,0.6008278211004918,0.010209548088440771,LICHSGFIN.BO,0.6173549032481528,0.6532023878887435,0.6610571451725928,0.23836584948664982,0.3375503137393292,0.5702789072869614,0.6041517875191997,0.6326429703839271
2025-01-15,0.6046700930513135,0.5912713208789936,0.6160552262308707,0.6009860022240225,0.01845990479293489,LICHSGFIN.BO,0.6072249970707415,0.6450845176938673,0.6565116230264214,0.2391589653239858,0.3309328585942438,0.6008278211004918,0.5702789072869614,0.6041517875191997
2025-01-16,0.6080403529675605,0.6131157287000762,0.627241516624416,0.6202176415946554,0.009922848789255981,LICHSGFIN.BO,0.6046135184901931,0.6380896187262447,0.653560098090094,0.3326706664828267,0.33998179808821505,0.6009860022240225,0.6008278211004918,0.5702789072869614
2025-01-17,0.6218347583071022,0.6025921506440132,0.6259539598623917,0.6163396971578641,0.0009993927317672848,LICHSGFIN.BO,0.6071750977854238,0.6300917763302837,0.6509939382847667,0.3204554129875671,0.3468645096535061,0.6202176415946554,0.6009860022240225,0.6008278211004918
2025-01-20,0.625048193053037,0.612876561368087,0.6310239266712477,0.627736209627838,0.011997960189345569,LICHSGFIN.BO,0.619251117414687,0.6259599854663288,0.6498991592639785,0.3743888608193412,0.36144797820150726,0.6163396971578641,0.6202176415946554,0.6009860022240225
2025-01-21,0.6328858728575871,0.6143913038932883,0.6273219837655487,0.6111162792240916,0.01312567590194598,LICHSGFIN.BO,0.6214134817651457,0.6215624552704248,0.6478716337613559,0.3188120503049391,0.36451701348327537,0.627736209627838,0.6163396971578641,0.6202176415946554
2025-01-22,0.6103917550988585,0.5948589978377711,0.6076052637230959,0.604626625820414,0.0013051735150908308,LICHSGFIN.BO,0.6221786454644777,0.6167363197751826,0.6452835791371718,0.2982933212361585,0.36481468886342006,0.6111162792240916,0.627736209627838,0.6163396971578641
2025-01-23,0.6038864120339614,0.6313726408397153,0.6175039386963331,0.6439604414472393,0.03620091467094219,LICHSGFIN.BO,0.6271687599563215,0.617962153718682,0.6446310917764115,0.4676956959516837,0.3913668782509162,0.604626625820414,0.6111162792240916,0.627736209627838
2025-01-24,0.6418992344105212,0.6323292018061617,0.6455096972406583,0.6330386689682725,0.022665463897116454,LICHSGFIN.BO,0.6306784463348193,0.6210909905059843,0.6426035608340823,0.42900127971795,0.4070073372504991,0.6439604414472393,0.604626625820414,0.6111162792240916
2025-01-27,0.628810300497641,0.6100064822866141,0.6317482037258194,0.6193471047090957,0.01853623072948991,LICHSGFIN.BO,0.6289152762669025,0.6264057345517078,0.6403439393721642,0.3829386455039253,0.4122020827535853,0.6330386689682725,0.6439604414472393,0.604626625820414
2025-01-28,0.6227753231785257,0.6249946620236784,0.6340016148231299,0.6286067465133978,0.01776009136214606,LICHSGFIN.BO,0.6325913142586893,0.6294145648367234,0.6379748383762551,0.42079814727245846,0.4233927535806212,0.6193471047090957,0.6330386689682725,0.6439604414472393
2025-01-29,0.6284968395175642,0.6289809086649762,0.6482460017522532,0.6343050027483847,0.016043234826761593,LICHSGFIN.BO,0.6388289315457067,0.633023459578115,0.6356714218369166,0.44398167100145824,0.4369440492473436,0.6286067465133978,0.6193471047090957,0.6330386689682725
2025-01-30,0.6408803827073828,0.6347209158598379,0.6469583110820589,0.650845695125055,0.011323906762144054,LICHSGFIN.BO,0.6402760314821514,0.636340888660182,0.6337927811025205,0.5081800860653556,0.4589171295709154,0.6343050027483847,0.6286067465133978,0.6193471047090957
2025-01-31,0.659534091316891,0.6570436539195788,0.6472802483036515,0.6728473228963121,0.033418357246408265,LICHSGFIN.BO,0.6486427675916456,0.6424614225947731,0.6328337553983512,0.582925594084745,0.4906260711480528,0.650845695125055,0.6343050027483847,0.6286067465133978
2025-02-01,0.6845364019187059,0.6662916102022984,0.6577422123431397,0.650845695125055,0.0558343307384105,LICHSGFIN.BO,0.6552629460660991,0.6449644898949519,0.6320017196435517,0.4946122956795489,0.5023015422388211,0.6728473228963121,0.650845695125055,0.6343050027483847
2025-02-03,0.6396263764311014,0.6261106910124283,0.6229762151447199,0.6083462908234671,0.03126453472424631,LICHSGFIN.BO,0.6510047290833756,0.6446644629909211,0.629601965901243,0.36009545839689305,0.48543125706325263,0.650845695125055,0.6728473228963121,0.650845695125055
2025-02-04,0.6200321461974724,0.6227623736900652,0.6378644619994122,0.6378663883176998,0.018517149245351156,LICHSGFIN.BO,0.6517532390253715,0.6482647751909779,0.628975752323111,0.4585274292811179,0.491069718162543,0.6083462908234671,0.650845695125055,0.6728473228963121
2025-02-05,0.6371182906642373,0.6347209657026238,0.6513845802606694,0.6341467233146465,0.004533283594264679,LICHSGFIN.BO,0.6482435526468738,0.6472018178631818,0.6290589580744737,0.447265835639019,0.49365680050085986,0.6378663883176998,0.6083462908234671,0.650845695125055
2025-02-06,0.6345319495094472,0.624356889830008,0.6490507829687727,0.6380247660616452,0.0019105335993928278,LICHSGFIN.BO,0.640924763515742,0.6477418790684147,0.6309332198450983,0.46023495071495446,0.498537389916903,0.6341467233146465,0.6378663883176998,0.6083462908234671
2025-02-07,0.6424479711097275,0.6302564370123658,0.6463145043117207,0.6400823987002406,0.036811999200485813,LICHSGFIN.BO,0.6386626005946476,0.6499877895779793,0.6347955910046968,0.46744312914827923,0.5040298722109513,0.6380247660616452,0.6341467233146465,0.6378663883176998
2025-02-10,0.6370399436677349,0.6201314406769497,0.6319897183025694,0.6168145354590786,0.00405099908265765,LICHSGFIN.BO,0.6404424037576705,0.6487105349246715,0.6356801688850462,0.390132031068643,0.49422705114095067,0.6400823987002406,0.6380247660616452,0.6341467233146465
2025-02-11,0.6143889305430307,0.594938662622932,0.602293779970326,0.5870570188142388,0.01696439347355998,LICHSGFIN.BO,0.6297636054417641,0.6435929444184186,0.6349094495024589,0.307427832066114,0.4685262171243302,0.6168145354590786,0.6400823987002406,0.6380247660616452
2025-02-12,0.5898569700354659,0.5699851232039425,0.5721954847481825,0.5857907833443339,0.010547767394800203,LICHSGFIN.BO,0.619600453736371,0.6365466247409877,0.6330045404251412,0.30414762741353274,0.4483387514517129,0.5870570188142388,0.6168145354590786,0.6400823987002406
2025-02-13,0.5851543207140584,0.5838570045026185,0.6037424019094402,0.597582994398653,0.0030000863437157277,LICHSGFIN.BO,0.6111006528660293,0.6283944882706581,0.6319666933730873,0.35336662099220495,0.4408024842242081,0.5857907833443339,0.5870570188142388,0.6168145354590786
2025-02-14,0.6002027008326215,0.5848137613107054,0.5775874731569548,0.5697248309586707,0.013595557448862816,LICHSGFIN.BO,0.5963133354233524,0.6196080104201849,0.6287568041345426,0.2784541008157504,0.41866463920002733,0.597582994398653,0.5857907833443339,0.5870570188142388
2025-02-17,0.5683032210707971,0.5600992843308128,0.5651135526559126,0.5787470536123656,0.005547941513342967,LICHSGFIN.BO,0.5883125480684182,0.6164020159473841,0.6269657481152804,0.3161765722379548,0.408219943385941,0.5697248309586707,0.597582994398653,0.5857907833443339
2025-02-18,0.5755138979607425,0.5565914275396144,0.5729197759330222,0.5646596924586362,0.0089969197714229,LICHSGFIN.BO,0.5836052168556047,0.6084727486955869,0.6247542952548472,0.2792479727851356,0.39271822775789744,0.5787470536123656,0.5697248309586707,0.597582994398653
2025-02-19,0.5617195529040473,0.5629693607309079,0.5762193129479104,0.5825459566424951,0.011357776396490344,LICHSGFIN.BO,0.5829232392940321,0.6028836934248937,0.6213561051344269,0.35360256838847537,0.39326777739181273,0.5646596924586362,0.5787470536123656,0.5697248309586707
2025-02-20,0.5791192036948197,0.5744496058791955,0.5874860217219192,0.5887980925853582,0.005541262993894403,LICHSGFIN.BO,0.5810768830883559,0.5975517842965007,0.6189081827906332,0.37852831698257317,0.3991689476993282,0.5825459566424951,0.5646596924586362,0.5787470536123656
2025-02-21,0.5915811804285934,0.5757251653182404,0.5950508486600884,0.5860281041847337,0.006793485390500189,LICHSGFIN.BO,0.584503403991324,0.5916969790455443,0.6170645737664081,0.36968761922202154,0.4035983445536303,0.5887980925853582,0.5825459566424951,0.5646596924586362
2025-02-24,0.5767679341525205,0.5636072029226386,0.5901418383160184,0.5757396460611339,0.0010351705145274495,LICHSGFIN.BO,0.5838713257150693,0.5872480174915173,0.6141393280524154,0.3366824459210199,0.4021596540530603,0.5860281041847337,0.5887980925853582,0.5825459566424951
2025-02-25,0.575357168161515,0.5588237251969052,0.5663207093299599,0.5504140518711689,0.007219956561001359,LICHSGFIN.BO,0.5808772652848548,0.5832790925949515,0.6094974687032739,0.2641142034089524,0.3868107104863138,0.5757396460611339,0.5860281041847337,0.5887980925853582
2025-02-27,0.560622207689992,0.5402479648399537,0.5524786301541362,0.5370390464794685,0.010780561501293012,LICHSGFIN.BO,0.5713129050032748,0.5779986254729954,0.6032003120911958,0.23033318554531027,0.36815256585164463,0.5504140518711689,0.5757396460611339,0.5860281041847337
2025-02-28,0.5322496931496772,0.5118662452734725,0.5226217969496972,0.5119508714401106,0.00991855545532476,LICHSGFIN.BO,0.5551616324374531,0.5687235177754121,0.5942975795601416,0.1740652831633164,0.3398474386272846,0.5370390464794685,0.5504140518711689,0.5757396460611339
2025-03-03,0.5116365367450193,0.5001468221549015,0.5073312361138709,0.5184405739988918,0.01441844645234662,LICHSGFIN.BO,0.5409565043168281,0.5631687447526438,0.5869713311036991,0.20610076410557596,0.3238978351506039,0.5119508714401106,0.5370390464794685,0.5504140518711689
2025-03-04,0.5139878356443055,0.5058869465867973,0.5113550578222185,0.5227142661751321,0.019742657564162686,LICHSGFIN.BO,0.5298119586757262,0.5570996421761755,0.5822331345515876,0.22761787291710076,0.31643541889296245,0.5184405739988918,0.5119508714401106,0.5370390464794685
2025-03-05,0.5207282868346067,0.5325945357173338,0.5375904912595519,0.5505724296151142,0.025804368037941623,LICHSGFIN.BO,0.5298452455281679,0.5555738026252738,0.5774029797602771,0.35562183751792986,0.3303395204861781,0.5227142661751321,0.5184405739988918,0.5119508714401106
2025-03-06,0.567284330978191,0.5505324528629474,0.5748512690983474,0.5643432319013673,0.019358165658766774,LICHSGFIN.BO,0.535583869962008,0.5536022033406786,0.5735406086006787,0.4107451738418163,0.3520854230089657,0.5505724296151142,0.5227142661751321,0.5184405739988918
2025-03-07,0.5643059275900532,0.5523660121595964,0.5759779282675966,0.5683003160550277,0.007987032223379303,LICHSGFIN.BO,0.5474270469220183,0.5513820191584896,0.569682610965145,0.42635076293238783,0.37363887095056464,0.5643432319013673,0.5505724296151142,0.5227142661751321
2025-03-10,0.5688518166671527,0.562889619091337,0.575414509293469,0.5613357260399283,0.008318095973186699,LICHSGFIN.BO,0.5564424840717582,0.548707503349587,0.5653253951405557,0.40152756235578047,0.38802002924459805,0.5683003160550277,0.5643432319013673,0.5505724296151142
2025-03-11,0.5603086971703604,0.552445797489301,0.5641477733157603,0.5705162281273612,0.009592262076552054,LICHSGFIN.BO,0.5664892041114098,0.5481417371136069,0.5627636142989998,0.44042591060307035,0.4066345121555742,0.5613357260399283,0.5683003160550277,0.5643432319013673
2025-03-12,0.5701842489524679,0.5557942220297941,0.5618945365154261,0.5542920946181675,0.009759225062766157,LICHSGFIN.BO,0.5672709802436177,0.5485617811682388,0.5609506634608808,0.3809681701656181,0.4125923584707552,0.5705162281273612,0.5613357260399283,0.5683003160550277
2025-03-13,0.557173632907266,0.543755880279335,0.557870668084581,0.5417876261120267,0.0019663469404986858,LICHSGFIN.BO,0.5625303828405924,0.549076116046096,0.5585158780084013,0.33888371665860195,0.41087384693154605,0.5542920946181675,0.5705162281273612,0.5613357260399283
2025-03-17,0.5462008318503845,0.5528444359228569,0.563745407532404,0.5497809832913201,0.020018385009967693,LICHSGFIN.BO,0.5586381042813139,0.5531736246621263,0.555870894135336,0.3761238632143018,0.415877673061068,0.5417876261120267,0.5542920946181675,0.5705162281273612
2025-03-18,0.5548222757054435,0.5608965012636257,0.570746901091808,0.5800132890822705,0.02174764451004235,LICHSGFIN.BO,0.5625636386996894,0.5598427757224993,0.5564401757447337,0.49912026109022445,0.43988846308201407,0.5497809832913201,0.5417876261120267,0.5542920946181675
2025-03-19,0.5854677164130129,0.5831395284447454,0.5982699077393241,0.5951294665552975,0.015594819949500852,LICHSGFIN.BO,0.5677366965754684,0.5676863133957775,0.5573466484439399,0.5510470241661632,0.46913897038729235,0.5800132890822705,0.5497809832913201,0.5417876261120267
2025-03-20,0.6082755512351898,0.5939819919631004,0.6159748036078584,0.6052597435553666,0.005459689649201225,LICHSGFIN.BO,0.5784487610815866,0.5736096831425833,0.559593133014544,0.5838986253498878,0.49906804276501504,0.5951294665552975,0.5800132890822705,0.5497809832913201
2025-03-21,0.6090593698864183,0.6123185677816617,0.6254711457241627,0.6301896391609862,0.007578211425706481,LICHSGFIN.BO,0.5970285481817917,0.5807417323985334,0.5622293562402133,0.6565057085398568,0.5383694689675019,0.6052597435553666,0.5951294665552975,0.5800132890822705
2025-03-24,0.6346102651034607,0.6298578237742278,0.6452683725267511,0.6410320753026695,0.007670756623779441,LICHSGFIN.BO,0.6162071370369248,0.5886195576438934,0.565119570244035,0.68481436386158,0.5758260698490661,0.6301896391609862,0.6052597435553666,0.5951294665552975
2025-03-25,0.6502856414781384,0.6315319589558143,0.6400373360730323,0.6284484670796597,0.02388954110461758,LICHSGFIN.BO,0.6263869424996538,0.5958887678364855,0.5674667764210872,0.6263255602216957,0.5968767576550402,0.6410320753026695,0.6301896391609862,0.6052597435553666
2025-03-26,0.6299860320808393,0.6123185746355126,0.6304606708110889,0.6142029248023995,0.005989200834051672,LICHSGFIN.BO,0.6303956837180187,0.6006206231568166,0.5695950289698644,0.5642251040402774,0.6038028405072952,0.6284484670796597,0.6410320753026695,0.6301896391609862
2025-03-27,0.6143106071505913,0.6112024199658754,0.6272416025862416,0.6270239521760166,0.025782901368285524,LICHSGFIN.BO,0.6349699501699848,0.608498459050491,0.5738340127726268,0.6042299554203446,0.6163759962404662,0.6142029248023995,0.6284484670796597,0.6410320753026695
2025-03-28,0.6287320124576896,0.61957343734229,0.6320702008327215,0.6178434500885837,0.02535356797516354,LICHSGFIN.BO,0.6323751046845424,0.6167363250993396,0.5783050870949783,0.5638979130989489,0.6195803107145512,0.6270239521760166,0.6142029248023995,0.6284484670796597
2025-04-01,0.6049836411823359,0.6048244263809399,0.6241029201173425,0.6138862676247161,0.0027844655729477993,LICHSGFIN.BO,0.626669767103144,0.6236797873846821,0.5839453828222314,0.5464435122891296,0.6186484324525849,0.6178434500885837,0.6270239521760166,0.6142029248023995
2025-04-02,0.6114106649264559,0.6020341287795001,0.6182282204011434,0.6214048356578987,0.0066928305616682565,LICHSGFIN.BO,0.6251893803142577,0.6281630471591053,0.5896426077983655,0.5733590883804339,0.6216062026641993,0.6138862676247161,0.6178434500885837,0.6270239521760166
2025-04-03,0.6156429483017639,0.6224434558255356,0.632311643726704,0.633276186429087,0.018779042615155565,LICHSGFIN.BO,0.629198080208163,0.6322948486713746,0.5957602268958175,0.6142732935575648,0.6302782082383944,0.6214048356578987,0.6138862676247161,0.6178434500885837
2025-04-04,0.636804811030088,0.6178195593191101,0.6261953712868626,0.6151526014048283,0.015442168076390816,LICHSGFIN.BO,0.6267030332933559,0.6333663778921913,0.599333581006799,0.5288631191695136,0.6247192852594166,0.633276186429087,0.6214048356578987,0.6138862676247161
2025-04-07,0.539068501943391,0.5752468357806356,0.5564220132099196,0.587373577681715,0.029471829289410303,LICHSGFIN.BO,0.6202990643930494,0.6287288240433996,0.6006078975422133,0.419656219786251,0.6020838224411821,0.6151526014048283,0.633276186429087,0.6214048356578987
2025-04-08,0.5964405103226116,0.6186964209818699,0.6153309316016403,0.6216421564982986,0.038479720914212985,LICHSGFIN.BO,0.621929149037889,0.6266286357151829,0.6035594115991275,0.5401179734224573,0.6048220234266513,0.587373577681715,0.6151526014048283,0.633276186429087
2025-04-09,0.6205807285788477,0.6014760770065174,0.6057543047803983,0.6062094201577952,0.033734632846008125,LICHSGFIN.BO,0.6187354708041736,0.6242198485899151,0.6060423656530922,0.4842162601089325,0.5965736285060244,0.6216421564982986,0.587373577681715,0.6151526014048283
2025-04-11,0.6190131601486832,0.6089700311966735,0.6268391430348702,0.6111162792240916,0.02256290091987065,LICHSGFIN.BO,0.6140780388766779,0.6238855234654878,0.6082888502236966,0.5008352642026691,0.5924303273603858,0.6062094201577952,0.6216421564982986,0.587373577681715
2025-04-15,0.6190915481465866,0.6395044039595945,0.6370596791748359,0.656544049670249,0.03949533290749821,LICHSGFIN.BO,0.6227774368882907,0.6270829460452682,0.6139466618060351,0.6317120223469649,0.6166899408345942,0.6111162792240916,0.6062094201577952,0.6216421564982986
2025-04-16,0.655615228953913,0.6527385306861849,0.6748837012151452,0.6659618725980818,0.03903022173161606,LICHSGFIN.BO,0.6392946375464424,0.6322948167264316,0.6208174789912821,0.6543847688621979,0.6405852647430816,0.656544049670249,0.6111162792240916,0.6062094201577952
2025-04-17,0.6646286774388523,0.6676470642861895,0.6853457573923042,0.6823444821614286,0.042183436985545296,LICHSGFIN.BO,0.652052676061738,0.639709759748686,0.6281524908149739,0.6922229412597298,0.668243867405566,0.6659618725980818,0.656544049670249,0.6111162792240916
2025-04-21,0.69284437130875,0.6858240101497696,0.7041772590800027,0.685668350269929,0.0568213205054876,LICHSGFIN.BO,0.6687528614282849,0.6466703604959123,0.6339986032791879,0.6997846059011651,0.6904339758367799,0.6823444821614286,0.6659618725980818,0.656544049670249
2025-04-22,0.6887688592434555,0.6794461497840548,0.6994291734386471,0.6891506944325823,0.021016823667528037,LICHSGFIN.BO,0.6851536510829253,0.6527223192863397,0.6392009917498909,0.7080429319252756,0.7081850923861224,0.685668350269929,0.6823444821614286,0.6659618725980818
2025-04-23,0.6912768669823994,0.678329971269463,0.6878405801023678,0.6968274435892958,0.010021595469674037,LICHSGFIN.BO,0.6936201651008252,0.6615688003879565,0.6442676214642682,0.7265689150746127,0.7248583124701907,0.6891506944325823,0.685668350269929,0.6823444821614286
2025-04-24,0.6953525053537968,0.6933978015733058,0.7133516347716354,0.6971440024567721,0.011233269712484967,LICHSGFIN.BO,0.700173831857085,0.6734584099949847,0.6479723444883909,0.727358380230399,0.7359307051963382,0.6968274435892958,0.6891506944325823,0.685668350269929
2025-04-25,0.6942551864351257,0.6841498134035859,0.6721475684810843,0.661371670709469,0.025471873176823822,LICHSGFIN.BO,0.6957658963561782,0.6777616493676637,0.6490977762555787,0.5585055222761018,0.7200990048400802,0.6971440024567721,0.6968274435892958,0.6891506944325823
2025-04-28,0.6670583909249682,0.6718723232208808,0.6855067144087362,0.6898629518844039,0.021646989681210416,LICHSGFIN.BO,0.6966474917212516,0.686822449091421,0.6524959663759988,0.6395662211443298,0.7232386108485581,0.661371670709469,0.6971440024567721,0.6968274435892958
2025-04-29,0.6857904551126114,0.69674628624986,0.7017629826901929,0.6866972648994343,0.01644967043891707,LICHSGFIN.BO,0.6961318451107382,0.6950088837821466,0.6565072277435304,0.6260402296157724,0.7215657932149762,0.6898629518844039,0.661371670709469,0.6971440024567721
2025-04-30,0.6802256668351079,0.6713939741111968,0.6908985919563689,0.6764878481824961,0.01703213274225256,LICHSGFIN.BO,0.6918569950329084,0.6971690647131923,0.659244167135941,0.5821005328857415,0.7117716426088745,0.6866972648994343,0.6898629518844039,0.661371670709469
2025-05-02,0.6770122357453832,0.6760180187680475,0.6916229142403368,0.6779124613963465,0.013767767843215078,LICHSGFIN.BO,0.6878150289487915,0.6984634738008555,0.6625679094325414,0.586623402459747,0.7029440718282475,0.6764878481824961,0.6866972648994343,0.6898629518844039
2025-05-05,0.6786581233808491,0.6721912133509063,0.6940372030313444,0.6888340372548989,0.0015527557717911747,LICHSGFIN.BO,0.6935868989106134,0.6991663796768488,0.6667149241166921,0.6215271810507006,0.7008663738730136,0.6779124613963465,0.6764878481824961,0.6866972648994343
2025-05-06,0.6872796184084026,0.6690819685509253,0.6665142122814095,0.6509248348419239,0.01752252688461856,LICHSGFIN.BO,0.6854031268472841,0.6954031908610885,0.6683483265607719,0.4659019071956928,0.6738057599764731,0.6888340372548989,0.6779124613963465,0.6764878481824961
2025-05-07,0.6441722441465567,0.6570437064940794,0.664180412776533,0.6753798921463292,0.008080054458555731,LICHSGFIN.BO,0.6830245115982184,0.6939116282339544,0.670678011443032,0.54545445504504,0.6661712410656662,0.6509248348419239,0.6888340372548989,0.6779124613963465
2025-05-08,0.6797554848665719,0.6615879427754157,0.6518674384753393,0.6383413249291214,0.004770848071792177,LICHSGFIN.BO,0.6750071118104084,0.6875767969738513,0.6719610913456957,0.42414790667133795,0.6356925267921198,0.6753798921463292,0.6509248348419239,0.6888340372548989
2025-05-09,0.6173673173479495,0.6171817047201814,0.6368183363845868,0.6351756379441518,0.005070427372770627,LICHSGFIN.BO,0.6660249511819951,0.680864791772533,0.674606077938614,0.4148178674267825,0.6086782455080232,0.6383413249291214,0.6753798921463292,0.6509248348419239
2025-05-12,0.6592990604550009,0.6615879292774867,0.6798733679670361,0.6785455791312991,0.011791880160647018,LICHSGFIN.BO,0.6638625868315363,0.6827249564478619,0.6777546616843597,0.5457377768678502,0.613557146818567,0.6351756379441518,0.6383413249291214,0.6753798921463292
2025-05-13,0.6770122838773958,0.6823959910450615,0.6929105714319608,0.6799701923451493,0.025740922103180266,LICHSGFIN.BO,0.6699671600199364,0.6816534378753598,0.6818359973516464,0.54955999592511,0.6173448103975925,0.6785455791312991,0.6351756379441518,0.6383413249291214
2025-05-14,0.668782676838303,0.6857443523740409,0.6867943505330298,0.7018925820893303,0.02455214564133584,LICHSGFIN.BO,0.6755394328404875,0.6832992945768626,0.68685883742831,0.6068566563022711,0.6329513148623345,0.6799701923451493,0.6785455791312991,0.6351756379441518
2025-05-15,0.7047578009718093,0.7039214735363153,0.7109373739451249,0.7147137077731547,0.06835369248184754,LICHSGFIN.BO,0.6915909068356737,0.6874396679821522,0.6900774845943975,0.6379339341025303,0.6519932553656607,0.7018925820893303,0.6799701923451493,0.6785455791312991
2025-05-16,0.7330519445975787,0.7156408868855708,0.7085230910780465,0.7088571721044294,0.0724934204657504,LICHSGFIN.BO,0.707076834935029,0.6907913952846154,0.6924509699937846,0.6151239268364896,0.661922023307238,0.7147137077731547,0.7018925820893303,0.6799701923451493
2025-05-19,0.7121252908218489,0.6943546109787107,0.6933934270802692,0.6777541819626085,0.08416556431342673,LICHSGFIN.BO,0.7069105039839699,0.689591298316806,0.6921969792156322,0.5043152539968303,0.6489346164980165,0.7088571721044294,0.7147137077731547,0.7018925820893303
2025-05-20,0.6856337684709287,0.667407834872134,0.6738376251929391,0.6570980276883325,0.02240547867572592,LICHSGFIN.BO,0.7021033742005208,0.690259937917346,0.6906161243368087,0.44102736864765524,0.6246222361701905,0.6777541819626085,0.7088571721044294,0.7147137077731547
2025-05-21,0.6567125642038959,0.6522602435751246,0.6694918367357885,0.6684154004414373,0.02025976578432294,LICHSGFIN.BO,0.6950673476861896,0.6895055900349156,0.6894687977507641,0.4762099676642101,0.6115506766077716,0.6570980276883325,0.6777541819626085,0.7088571721044294
2025-05-22,0.6670584530700054,0.649549658851412,0.6690895041895352,0.6645374560046462,0.010050217695882168,LICHSGFIN.BO,0.6845216141311306,0.6923429824595215,0.6876821261349799,0.4637870098227398,0.5980077108095716,0.6684154004414373,0.6570980276883325,0.6777541819626085
2025-05-23,0.6632962555813907,0.6570436787017243,0.679792891211329,0.6697607756282113,0.012256037262322227,LICHSGFIN.BO,0.6763045758775894,0.6960890168409266,0.6861669557127272,0.4812962455261379,0.5898962331154279,0.6645374560046462,0.6684154004414373,0.6570980276883325
2025-05-26,0.6679205301206174,0.6635810151876923,0.6887257938676857,0.6807615895138401,0.006282578652685027,LICHSGFIN.BO,0.6769366541538442,0.6963290404938143,0.6872398399146584,0.5180270503895795,0.5897170310349176,0.6697607756282113,0.6645374560046462,0.6684154004414373
2025-05-27,0.6792068679962343,0.6634216188618833,0.6906572678423125,0.6762504290318889,0.015851942948270574,LICHSGFIN.BO,0.6809619871428552,0.6959261402252233,0.6864866309474502,0.5007676675635909,0.5861308799399695,0.6807615895138401,0.6697607756282113,0.6645374560046462
2025-05-28,0.6827337901671132,0.6644580207756958,0.682931374100593,0.6659618725980818,0.014031092324329895,LICHSGFIN.BO,0.6804463198701118,0.6920343623658416,0.6853392989216989,0.46149973225340757,0.5763319978841286,0.6762504290318889,0.6807615895138401,0.6697607756282113
2025-05-29,0.6661178358631205,0.6552898124869165,0.6805976818700725,0.6684945401583064,0.01541402288728615,LICHSGFIN.BO,0.6812779952876377,0.6870282064688551,0.6848970127013776,0.4714204396895716,0.5697316365043371,0.6659618725980818,0.6762504290318889,0.6807615895138401
2025-05-30,0.6671367835011955,0.6544925790539762,0.6744813783270615,0.6694442167607353,0.007021509125958308,LICHSGFIN.BO,0.681211462907214,0.6827592546682582,0.6844284472587214,0.4753499977431431,0.5647303577830958,0.6684945401583064,0.6659618725980818,0.6762504290318889
2025-06-02,0.6683907750900262,0.6618271268825888,0.6816438035367938,0.6789412777156443,0.011742745338989724,LICHSGFIN.BO,0.6808288810575479,0.6828878330635653,0.6838810604681804,0.5150842260419461,0.5663417730786231,0.6694442167607353,0.6684945401583064,0.6659618725980818
2025-06-03,0.6779527458419333,0.6769746918429548,0.6990267575939126,0.6871721032006486,0.02374881515909426,LICHSGFIN.BO,0.683124330831084,0.686145258894489,0.6858866965916528,0.5483603620684443,0.5723301289784246,0.6789412777156443,0.6694442167607353,0.6684945401583064
2025-06-04,0.6894742364498267,0.6737060216869781,0.6956467697230353,0.6802867512126256,0.00941194205144082,LICHSGFIN.BO,0.6861350450186342,0.6874310854408174,0.6861582032248907,0.5142550315102532,0.5723012865738516,0.6871721032006486,0.6789412777156443,0.6694442167607353
2025-06-05,0.6817148896466787,0.6682050522802327,0.6916229410667161,0.6771210642276559,0.010610736292458092,LICHSGFIN.BO,0.6879481143718688,0.6887940590243302,0.6883039661890471,0.4984254636637351,0.5698661498049686,0.6802867512126256,0.6871721032006486,0.6789412777156443
2025-06-06,0.6770122228336756,0.6817580962858348,0.6875990646241027,0.697064862739903,0.040233786343668025,LICHSGFIN.BO,0.6937532505239025,0.691751457951223,0.6917284246523889,0.5832379457797652,0.5799107764529283,0.6771210642276559,0.6802867512126256,0.6871721032006486
2025-06-09,0.6995848683177048,0.6929991599263745,0.7212383721698192,0.7089362135110913,0.04776858739295883,LICHSGFIN.BO,0.7000574001913437,0.694803147701341,0.6934100011376603,0.627408372612328,0.5946103239782338,0.697064862739903,0.6771210642276559,0.6802867512126256
2025-06-10,0.7176116944303416,0.6999352978003281,0.7198702972290113,0.7033963350200498,0.05138977604539103,LICHSGFIN.BO,0.7034673086614359,0.697743413490507,0.6947062179316381,0.5962790270661853,0.6019873250401453,0.7089362135110913,0.697064862739903,0.6771210642276559
2025-06-11,0.7046794172743601,0.6988190896915845,0.7201921720917456,0.707274279456841,0.01436740348227545,LICHSGFIN.BO,0.7091393800526223,0.7022181013719098,0.6950039983475043,0.6116580621386027,0.6093861028964188,0.7033963350200498,0.7089362135110913,0.697064862739903
2025-06-12,0.7021712929322615,0.6929991978547655,0.7007168434480278,0.6825818030018285,0.014968947269749695,LICHSGFIN.BO,0.7102870842771604,0.7037439409228112,0.6932260737798497,0.4810944379287495,0.5989923374590828,0.707274279456841,0.7033963350200498,0.7089362135110913
2025-06-13,0.6658042666339358,0.6573625750463782,0.6762518763787234,0.6756173112969366,0.028470051372125677,LICHSGFIN.BO,0.705779370867848,0.7044125698750372,0.691386843719396,0.44893285439787967,0.5857755580410623,0.6825818030018285,0.707274279456841,0.7033963350200498
2025-06-16,0.6679989292181533,0.6666106097526433,0.6801147664363741,0.684164695649417,0.021295890373057326,LICHSGFIN.BO,0.7005730468018568,0.7049783361110171,0.6917415506642899,0.48948278936265766,0.5801213101638187,0.6756173112969366,0.6825818030018285,0.707274279456841
2025-06-17,0.6826553684145236,0.6741046411419054,0.6932324670979023,0.67617128931502,0.009995358428983248,LICHSGFIN.BO,0.6948510554631228,0.7037868003879137,0.6927969135714291,0.45071035455094033,0.5701945366113743,0.684164695649417,0.6756173112969366,0.6825818030018285
2025-06-18,0.6680772527481016,0.6672484052242338,0.6888867148591836,0.6817112661162688,0.0035148093783586394,LICHSGFIN.BO,0.689478379783843,0.7039410944622821,0.6935326012438456,0.47843593176603105,0.565429673541215,0.67617128931502,0.684164695649417,0.6756173112969366
2025-06-19,0.681244601922596,0.6629432410029827,0.6610417394447545,0.6467303315376565,0.036995658485321326,LICHSGFIN.BO,0.6819433397541041,0.7006493704109624,0.6925472963173416,0.32996381885117365,0.5396238868130674,0.6817112661162688,0.67617128931502,0.684164695649417
2025-06-20,0.6488748529003225,0.6563261509544405,0.6659508422487066,0.6665950886432417,0.03031666199965367,LICHSGFIN.BO,0.68004710492534,0.6973490851149364,0.6923721323267802,0.42495060521731376,0.5316537785077409,0.6467303315376565,0.6817112661162688,0.67617128931502
2025-06-23,0.6526369695688252,0.6447661424709539,0.6643412835201531,0.6614508104263381,0.023289905465557207,LICHSGFIN.BO,0.675273241332103,0.6922057789296225,0.6913036270886204,0.40471828370232543,0.5222325398846457,0.6665950886432417,0.6467303315376565,0.6817112661162688
2025-06-24,0.6676853734570122,0.6727492919643647,0.6884843377099368,0.6803658909294947,0.016079012609521756,LICHSGFIN.BO,0.6761548366971762,0.6897112728741497,0.6915313440841446,0.48771833238586726,0.5267083342448682,0.6614508104263381,0.6665950886432417,0.6467303315376565
2025-06-25,0.6893174759565317,0.677612570906278,0.7025678010938397,0.691050145947647,0.020194888738251173,LICHSGFIN.BO,0.678117624568594,0.6879539815633806,0.6929195299967341,0.5301060282498722,0.536914649686012,0.6803658909294947,0.6614508104263381,0.6665950886432417
2025-06-26,0.692687700270968,0.694354585949772,0.706591606757451,0.7101234075743346,0.03636072210060426,LICHSGFIN.BO,0.6914411883174906,0.6909371068176491,0.695222941096366,0.598652626608024,0.5566989765257649,0.691050145947647,0.6803658909294947,0.6614508104263381
2025-06-27,0.7115765298181539,0.6992973968682057,0.7111788002502696,0.6948488523573619,0.023698726263230028,LICHSGFIN.BO,0.6973793892303716,0.6930201407115106,0.696628631984628,0.5285661714240099,0.5624523558768965,0.7101234075743346,0.691050145947647,0.6803658909294947
2025-06-30,0.6968417157326797,0.6889333021374212,0.7184217346433943,0.7045834307730856,0.015321000652109722,LICHSGFIN.BO,0.7064447359965443,0.6952317636489933,0.6980474652039108,0.5638705019367687,0.5726631029561471,0.6948488523573619,0.7101234075743346,0.691050145947647
2025-07-01,0.7081279572592679,0.6902885836999713,0.7081206854411088,0.6936617566043262,0.005771671914869867,LICHSGFIN.BO,0.7092391786232578,0.697126215896404,0.6984065511125761,0.5143403873023941,0.573434444789696,0.7045834307730856,0.6948488523573619,0.7101234075743346
2025-07-02,0.6922174754178027,0.6809609292810751,0.7036944830898522,0.6896255327337968,0.017216746101295016,LICHSGFIN.BO,0.7089397622491215,0.6979834371433946,0.6989232851567175,0.49626698387061463,0.5710732323561619,0.6936617566043262,0.7045834307730856,0.6948488523573619
2025-07-03,0.693706660008699,0.6756194581197279,0.7065916258999144,0.6896255327337968,0.0028631766950201623,LICHSGFIN.BO,0.7046316459810799,0.7026295628852068,0.6996151831914199,0.49626698387061463,0.5687887493494987,0.6896255327337968,0.6936617566043262,0.7045834307730856
2025-07-04,0.6887688315538903,0.6805622772263175,0.7069135207187013,0.6917624033994687,0.000888243086659038,LICHSGFIN.BO,0.7039829552719493,0.7053555207005466,0.6993217871790316,0.506149915357607,0.5679161454453094,0.6896255327337968,0.6896255327337968,0.6936617566043262
2025-07-07,0.6904930728596894,0.6742640419619016,0.7042577317214989,0.6875678017849938,0.0019949691667068177,LICHSGFIN.BO,0.7004067158507977,0.708184341232132,0.698139428882816,0.48394740839516037,0.5642315692824963,0.6917624033994687,0.6896255327337968,0.6896255327337968
2025-07-08,0.6888471601301632,0.6729884645181662,0.6948419811402928,0.6838481367819407,0.003285354531590114,LICHSGFIN.BO,0.6983441500709745,0.7085615151733475,0.6970577867533421,0.46392945034971744,0.5586805244083958,0.6875678017849938,0.6917624033994687,0.6896255327337968
2025-07-09,0.6805391888933574,0.6663713158970217,0.6969343409412332,0.6819486852668759,0.01102241931275173,LICHSGFIN.BO,0.6967306778590111,0.7075757048827356,0.6956564693891449,0.45337992049834586,0.5528596794083744,0.6838481367819407,0.6875678017849938,0.6917624033994687
2025-07-10,0.6804609251165485,0.6733871659605485,0.6980611311713466,0.6837689970650715,0.005163449607947057,LICHSGFIN.BO,0.6954997874967134,0.7047211686720884,0.6957221592854219,0.4643991566936655,0.549201554054783,0.6819486852668759,0.6838481367819407,0.6875678017849938
2025-07-11,0.6803824860465418,0.6682050208363866,0.6926691466290171,0.6815529866825307,0.0020846521421589654,LICHSGFIN.BO,0.6933540355791307,0.7032810480513914,0.6960505924476876,0.45060254029523417,0.544775392784741,0.6837689970650715,0.6819486852668759,0.6838481367819407
2025-07-14,0.6799905898055524,0.6729884514642346,0.6954858213257495,0.6865388871554887,0.002352746994308471,LICHSGFIN.BO,0.6931377846805237,0.7013265819045229,0.6961819613608287,0.4835179838592396,0.5442660502675009,0.6815529866825307,0.6837689970650715,0.6819486852668759
2025-07-15,0.685868937481237,0.6869402216582136,0.7071550121282592,0.705137408791169,0.0423503999717594,LICHSGFIN.BO,0.6976122318996244,0.7025695489857491,0.6977847164982154,0.5905809108826482,0.5552766099475134,0.6865388871554887,0.6815529866825307,0.6837689970650715
2025-07-16,0.7022496618623201,0.7173150378698381,0.7238940944498138,0.7338661091167109,0.0853414607734775,LICHSGFIN.BO,0.7085239142092435,0.7073613969089094,0.7006705515382659,0.7110144907815955,0.5814720910551182,0.705137408791169,0.6865388871554887,0.6815529866825307
2025-07-17,0.7338357139249806,0.7219391028248225,0.7535900608059491,0.7358447003486448,0.021586883006173337,LICHSGFIN.BO,0.7194688627090745,0.7123675528058957,0.7056014333757308,0.718035349680742,0.6026701121778093,0.7338661091167109,0.705137408791169,0.6865388871554887
2025-07-18,0.7318762403157848,0.7297519526553855,0.7390237455100115,0.7196204685292436,0.05904574451896294,LICHSGFIN.BO,0.7274696500640089,0.7153849549839317,0.7085354370172663,0.6063905670692965,0.6084180131933388,0.7358447003486448,0.7338661091167109,0.705137408791169
2025-07-21,0.7378329426461184,0.7205040458340599,0.727032752386603,0.7125768371074825,0.013009278848699575,LICHSGFIN.BO,0.7329421449761543,0.7180937690132305,0.7113643455282885,0.5625816890676075,0.607691324605855,0.7196204685292436,0.7358447003486448,0.7338661091167109
2025-07-22,0.708598306685173,0.7055956662423633,0.7254231934703744,0.7074325588905792,0.005891408227840554,LICHSGFIN.BO,0.7334245253964556,0.7206482783198467,0.712862000095456,0.5311548660839953,0.6030786051793812,0.7125768371074825,0.7196204685292436,0.7358447003486448
2025-07-23,0.7056983053307447,0.689889983834309,0.7141564606080907,0.7065620220050195,0.022031958623709796,LICHSGFIN.BO,0.7276859216248456,0.7233142328840434,0.7137203041931772,0.5256878877993983,0.5981253002203967,0.7074325588905792,0.7125768371074825,0.7196204685292436
2025-07-24,0.7037388744435213,0.6905278123024521,0.7133516905673793,0.6978563582188009,0.010955157081162618,LICHSGFIN.BO,0.7197017673650171,0.7248400830832595,0.7130415430497885,0.47132490226149304,0.5881006353048381,0.7065620220050195,0.7074325588905792,0.7125768371074825
2025-07-25,0.6886905158758239,0.6846282268863106,0.6964515883616342,0.6869346840500414,0.03695224810890566,LICHSGFIN.BO,0.712832071801745,0.7254229931052802,0.7126036357932386,0.4089433350145424,0.5728420955772291,0.6978563582188009,0.7065620220050195,0.7074325588905792
2025-07-28,0.674112340663948,0.6745829683756508,0.6764932700950299,0.6597097366552189,0.030852851703952685,LICHSGFIN.BO,0.7017207923508549,0.7225170361848248,0.710120681739274,0.2848263699925867,0.5435421637896123,0.6869346840500414,0.6978563582188009,0.7065620220050195
2025-07-29,0.6612584877812925,0.6542533566134481,0.6702161591167428,0.6721350654444906,0.02463610417154636,LICHSGFIN.BO,0.6943021839868576,0.7189424396638291,0.7089295655155157,0.3612835372150406,0.5281743515184817,0.6597097366552189,0.6869346840500414,0.6978563582188009
2025-07-30,0.6712906824579965,0.6554491964193991,0.6771371180657546,0.6592348000437971,0.008392513761327842,LICHSGFIN.BO,0.6843552418556115,0.7108588676893492,0.7072479835905376,0.30839827452076274,0.5081849740472149,0.6721350654444906,0.6597097366552189,0.6869346840500414
2025-07-31,0.6410371593690264,0.6398233358259122,0.6611222579546319,0.6525077274895124,0.0051701281273956205,LICHSGFIN.BO,0.6748241477642433,0.7018323555376738,0.7051941788655804,0.2825302339329867,0.488632403217703,0.6592348000437971,0.6721350654444906,0.6597097366552189
2025-08-01,0.6504424384469439,0.6345615934825076,0.6352088123649312,0.6260742755735877,0.03952824846763756,LICHSGFIN.BO,0.662032884383196,0.6917000478897286,0.7015595192617996,0.19527346548495797,0.45741890597582946,0.6525077274895124,0.6592348000437971,0.6721350654444906
2025-08-04,0.6285751603277263,0.6474768057391057,0.6480045923205369,0.6606594132576475,0.06333383104204461,LICHSGFIN.BO,0.6622324815244669,0.6860766943986396,0.7000706226221751,0.38135824032358223,0.4552814230857789,0.6260742755735877,0.6525077274895124,0.6592348000437971
2025-08-05,0.6608665491029477,0.6422149936963503,0.6550059839719484,0.6426148696400507,0.04404483576328083,LICHSGFIN.BO,0.6560281097654312,0.6790560691036414,0.6977891009016934,0.32117283457920454,0.44329683086097754,0.6606594132576475,0.6260742755735877,0.6525077274895124
2025-08-06,0.6451911818167697,0.6262702470315998,0.6510626625684428,0.6373915500164853,0.02117710813429358,LICHSGFIN.BO,0.651437230880589,0.6715639790442025,0.6953236627028141,0.30469212356497677,0.43168822024631054,0.6426148696400507,0.6606594132576475,0.6260742755735877
2025-08-07,0.6364128866513209,0.624117640411658,0.6447855368664573,0.6415070119140911,0.00834671819939483,LICHSGFIN.BO,0.6491251686741771,0.6654605888956524,0.6929852198930113,0.325785946980634,0.4263003191472453,0.6373915500164853,0.6426148696400507,0.6606594132576475
2025-08-08,0.6395479550511911,0.6262702304983114,0.6450268912280065,0.6290815848146121,0.02181442970452799,LICHSGFIN.BO,0.6497572262882019,0.6591943221313988,0.6900818689978754,0.28427652069873266,0.41558551102726304,0.6415070119140911,0.6373915500164853,0.6426148696400507
2025-08-11,0.6284184322677284,0.6160655066215027,0.6451073390063996,0.6340675835977776,0.012663903985788112,LICHSGFIN.BO,0.6441683203725451,0.6564169329579362,0.6871785235424464,0.3115611639310737,0.4116214763493603,0.6290815848146121,0.6415070119140911,0.6373915500164853
2025-08-12,0.6358642822182403,0.6167830657393794,0.6497750521883876,0.6328013481278725,0.003216184151587126,LICHSGFIN.BO,0.6421057752549517,0.652156563698674,0.6831760201024573,0.30695945314556206,0.40911275364325833,0.6340675835977776,0.6290815848146121,0.6415070119140911
2025-08-13,0.6346886222233795,0.6179789230423249,0.6486483551324776,0.634621561615861,0.006771064646637151,LICHSGFIN.BO,0.6415235962640147,0.6494906197827918,0.6776846145831374,0.31798839656590727,0.40968767651068494,0.6328013481278725,0.6340675835977776,0.6290815848146121
2025-08-14,0.6392345477550763,0.620211248900687,0.6414054631281318,0.6259950375465115,0.004223686514113382,LICHSGFIN.BO,0.6382633856498758,0.646618939786104,0.6716064061596279,0.28385929344534133,0.40619078036203576,0.634621561615861,0.6328013481278725,0.6340675835977776
2025-08-18,0.6405669406530421,0.6215665388169054,0.6397959485004077,0.6242539637753921,0.1122158230344998,LICHSGFIN.BO,0.6372487461861851,0.6464217755983186,0.6663295807445182,0.27697759680740275,0.4038153446616207,0.6259950375465115,0.634621561615861,0.6328013481278725
2025-08-19,0.6234806865779591,0.6276255443551007,0.6418883225637401,0.6430106665346034,0.06523625501067848,LICHSGFIN.BO,0.6391283479198433,0.6445101795648668,0.6624803410365272,0.39541149328101444,0.41506258003652086,0.6242539637753921,0.6259950375465115,0.634621561615861
2025-08-20,0.6469154594766632,0.6331265136805748,0.6576618330900873,0.6438813017303702,0.02383849813454641,LICHSGFIN.BO,0.641457063883591,0.6446473511498231,0.65896391889428,0.4005272208366286,0.4257580336561299,0.6430106665346034,0.6242539637753921,0.6259950375465115
2025-08-21,0.6470722274767193,0.6281836182442266,0.6584665560313624,0.640478097284586,0.024097052244626535,LICHSGFIN.BO,0.6426879542458886,0.644981665625936,0.6553073590319358,0.3833016202289261,0.4332477742085075,0.6438813017303702,0.6430106665346034,0.6242539637753921
2025-08-22,0.6433790811183817,0.6251571739753398,0.6500963499437464,0.6329077197721611,0.027836069061615547,LICHSGFIN.BO,0.6441408189444879,0.6440502469248254,0.6517136169008115,0.3455290738893657,0.43555521980918566,0.640478097284586,0.6438813017303702,0.6430106665346034
2025-08-25,0.6318940529630844,0.6185858565884731,0.6463292654771727,0.6289614497413027,0.005515025953203614,LICHSGFIN.BO,0.6451302091631856,0.6440372346847371,0.6485058382684075,0.32623755903899454,0.4360245886865881,0.6329077197721611,0.640478097284586,0.6438813017303702
2025-08-26,0.629979865377264,0.6175311579196444,0.6383036551185105,0.6281560925231768,0.011555269757326455,LICHSGFIN.BO,0.6420081668806904,0.6433969408968934,0.6467599100546699,0.3221642582808768,0.4369971642390162,0.6289614497413027,0.6329077197721611,0.640478097284586
2025-08-28,0.61953171722751,0.6069034595491887,0.6237266587099874,0.6072168048519035,0.021694216354453833,LICHSGFIN.BO,0.6343022502093045,0.640625791635617,0.6431678487928687,0.22765186098010157,0.42586167571684047,0.6281560925231768,0.6289614497413027,0.6329077197721611
2025-08-29,0.6027030086981047,0.6052809071557531,0.6217611929111576,0.6190556149444786,0.04577838859728671,LICHSGFIN.BO,0.6297998056686281,0.6389397907891612,0.6409446516059978,0.3153562224463553,0.42570247275874845,0.6072168048519035,0.6281560925231768,0.6289614497413027
2025-09-01,0.6201698122093251,0.6142049453196491,0.6376485664973961,0.6327466876526189,0.005434406682717376,LICHSGFIN.BO,0.6297659609359777,0.639671085071108,0.6398512325118466,0.40443814400327993,0.4352938946529134,0.6190556149444786,0.6072168048519035,0.6281560925231768
2025-09-02,0.6317345778974431,0.6170444120081615,0.6392045644201256,0.622196527757211,0.013964784166947724,LICHSGFIN.BO,0.6283441515689863,0.6394482371492043,0.6396366687267561,0.35328984861671076,0.43737596131069767,0.6327466876526189,0.6190556149444786,0.6072168048519035
2025-09-03,0.6313357928737149,0.6121767548278545,0.639122590870711,0.6231629170948794,0.005064225890425531,LICHSGFIN.BO,0.6272947169100678,0.6372984596212407,0.6375619102521748,0.35966958200760746,0.4406958501789728,0.622196527757211,0.6327466876526189,0.6190556149444786
2025-09-04,0.6306179603590791,0.6157463898999608,0.6351098856591231,0.6186529363354156,0.018018168435122717,LICHSGFIN.BO,0.6296982921329071,0.6345658892027135,0.6362360470575088,0.3370982426632231,0.4415501310899163,0.6231629170948794,0.622196527757211,0.6327466876526189
2025-09-05,0.6187341471800536,0.6040639928606764,0.6303600183092629,0.6181697416665817,0.013587447818103844,LICHSGFIN.BO,0.6295121047788707,0.6321495950158563,0.6351724647537751,0.334601177079358,0.4429611786470477,0.6186529363354156,0.6231629170948794,0.622196527757211
2025-09-08,0.6263110626308895,0.6121767548278545,0.6363382892874239,0.626948056695988,0.006655144630494215,LICHSGFIN.BO,0.6282933844700108,0.6315040835540001,0.6343668877316265,0.40010004863731063,0.45053826426692023,0.6181697416665817,0.6186529363354156,0.6231629170948794
